// Start Time: Unknown
// Update Rate: 100.0Hz
//Filter Profile: human (46.1)
// Option Flags: AHS Disabled ICC Disabled
// Firmware Version: 4.0.2
PacketCounter	SampleTimeFine	Year	Month	Day	Second	UTC_Nano	UTC_Year	UTC_Month	UTC_Day	UTC_Hour	UTC_Minute	UTC_Second	UTC_Valid	Acc_X	Acc_Y	Acc_Z	Mat[1][1]	Mat[1][2]	Mat[1][3]	Mat[2][1]	Mat[2][2]	Mat[2][3]	Mat[3][1]	Mat[3][2]	Mat[3][3]
1	688554356													-0.003418	0.062088	-0.013141	-0.178496	0.377405	-0.908683	0.012849	-0.922541	-0.385685	-0.983857	-0.080518	0.159821
2	688571023													0.028689	0.042930	-0.048262	-0.178382	0.376470	-0.909093	0.013421	-0.922895	-0.384819	-0.983870	-0.080846	0.159575
3	688587690													0.052583	0.013313	-0.097580	-0.178756	0.377433	-0.908620	0.013774	-0.922444	-0.385885	-0.983797	-0.081494	0.159693
4	688604357													0.031268	-0.022495	-0.095104	-0.179257	0.378255	-0.908179	0.013373	-0.922110	-0.386697	-0.983711	-0.081463	0.160237
5	688621024													-0.089886	0.008099	-0.127934	-0.179178	0.378997	-0.907886	0.012350	-0.921881	-0.387276	-0.983739	-0.080604	0.160500
6	688637691													-0.179604	0.162739	-0.076577	-0.178229	0.379250	-0.907967	0.011648	-0.921863	-0.387340	-0.983920	-0.079612	0.159885
7	688654358													-0.148000	0.332453	-0.002292	-0.177114	0.378562	-0.908472	0.011981	-0.922168	-0.386604	-0.984117	-0.079357	0.158794
8	688671025													-0.020722	0.378548	0.024407	-0.176523	0.377603	-0.908986	0.013159	-0.922500	-0.385772	-0.984208	-0.080059	0.157874
9	688687692													0.111407	0.380636	-0.019150	-0.176630	0.376251	-0.909526	0.014621	-0.922949	-0.384644	-0.984169	-0.081238	0.157519
10	688704359													0.178087	0.323409	-0.097049	-0.177234	0.374586	-0.910095	0.015995	-0.923517	-0.383225	-0.984039	-0.082478	0.157687
11	688721026													0.156713	0.213598	-0.102787	-0.178043	0.373043	-0.910571	0.017093	-0.924043	-0.381905	-0.983874	-0.083560	0.158143
12	688737693													0.155942	0.142974	-0.090219	-0.178770	0.371485	-0.911065	0.017862	-0.924604	-0.380511	-0.983729	-0.084298	0.158656
13	688754360													0.151831	0.070953	-0.102061	-0.179456	0.369691	-0.911660	0.018317	-0.925288	-0.378823	-0.983595	-0.084681	0.159277
14	688771027													0.152660	0.008540	-0.061401	-0.180147	0.367929	-0.912236	0.018434	-0.925983	-0.377114	-0.983467	-0.084752	0.160031
15	688787694													0.173632	-0.000164	-0.039957	-0.180836	0.366349	-0.912736	0.018141	-0.926636	-0.375522	-0.983346	-0.084466	0.160923
16	688804361													0.231178	0.000150	-0.028098	-0.181734	0.364846	-0.913159	0.017598	-0.927268	-0.373985	-0.983190	-0.084036	0.162095
17	688821028													0.306633	-0.015306	-0.065942	-0.183003	0.363250	-0.913542	0.016847	-0.927940	-0.372350	-0.982968	-0.083532	0.163696
18	688837695													0.358386	-0.028991	-0.101245	-0.184594	0.362011	-0.913714	0.016000	-0.928460	-0.371086	-0.982685	-0.083120	0.165596
19	688854362													0.350309	-0.048169	-0.104917	-0.186242	0.360992	-0.913782	0.015013	-0.928901	-0.370025	-0.982389	-0.082632	0.167581
20	688871029													0.350032	-0.074289	-0.138582	-0.187782	0.360349	-0.913721	0.013918	-0.929200	-0.369314	-0.982112	-0.082067	0.169472
21	688887696													0.314144	-0.138557	-0.141479	-0.189213	0.360024	-0.913554	0.012633	-0.929391	-0.368882	-0.981855	-0.081338	0.171305
22	688904363													0.289784	-0.184331	-0.128786	-0.190570	0.360138	-0.913227	0.011182	-0.929419	-0.368856	-0.981610	-0.080505	0.173093
23	688921030													0.216091	-0.208969	-0.129045	-0.191878	0.360705	-0.912729	0.009564	-0.929279	-0.369256	-0.981372	-0.079581	0.174859
24	688937697													0.107455	-0.186202	-0.104875	-0.193108	0.361725	-0.912066	0.007857	-0.928963	-0.370090	-0.981146	-0.078633	0.176548
25	688954364													0.029474	-0.157610	-0.071490	-0.194184	0.363174	-0.911261	0.006157	-0.928474	-0.371346	-0.980946	-0.077720	0.178059
26	688971031													0.023616	-0.143790	-0.056951	-0.195201	0.364634	-0.910460	0.004542	-0.927972	-0.372621	-0.980753	-0.076872	0.179485
27	688987698													0.009599	-0.114872	-0.043018	-0.196305	0.365764	-0.909770	0.003064	-0.927589	-0.373590	-0.980538	-0.076125	0.180970
28	689004365													0.010030	-0.109525	-0.024534	-0.197462	0.366328	-0.909292	0.001731	-0.927424	-0.374008	-0.980309	-0.075426	0.182497
29	689021032													-0.042229	-0.097248	-0.049054	-0.198699	0.366695	-0.908875	0.000323	-0.927342	-0.374216	-0.980061	-0.074649	0.184143
30	689037699													-0.087323	-0.104497	-0.069901	-0.199854	0.367278	-0.908386	-0.001105	-0.927173	-0.374631	-0.979825	-0.073868	0.185705
31	689054366													-0.129709	-0.086494	-0.089891	-0.200864	0.368081	-0.907838	-0.002546	-0.926919	-0.375254	-0.979616	-0.073064	0.187122
32	689071033													-0.157590	-0.097976	-0.087478	-0.201765	0.368802	-0.907346	-0.003933	-0.926695	-0.375793	-0.979426	-0.072253	0.188425
33	689087700													-0.161411	-0.047404	-0.054064	-0.202525	0.369615	-0.906845	-0.005338	-0.926438	-0.376409	-0.979263	-0.071392	0.189600
34	689104367													-0.226443	-0.061447	-0.052950	-0.203051	0.370439	-0.906391	-0.006742	-0.926182	-0.377017	-0.979145	-0.070443	0.190559
35	689121034													-0.247138	-0.053361	-0.032078	-0.203321	0.371252	-0.905998	-0.008150	-0.925936	-0.377593	-0.979078	-0.069389	0.191288
36	689137701													-0.247171	-0.048477	-0.009024	-0.203437	0.371929	-0.905694	-0.009553	-0.925749	-0.378018	-0.979041	-0.068251	0.191885
37	689154368													-0.162803	-0.025379	0.003566	-0.203602	0.372382	-0.905471	-0.010963	-0.925652	-0.378216	-0.978992	-0.067079	0.192547
38	689171035													-0.107992	-0.026717	0.012582	-0.203797	0.372924	-0.905204	-0.012412	-0.925519	-0.378499	-0.978934	-0.065902	0.193247
39	689187702													-0.086884	-0.049622	-0.047362	-0.203914	0.373623	-0.904889	-0.013888	-0.925321	-0.378930	-0.978890	-0.064702	0.193875
40	689204369													-0.078630	-0.076706	-0.141466	-0.203842	0.374463	-0.904558	-0.015340	-0.925066	-0.379496	-0.978884	-0.063481	0.194312
41	689221036													-0.134649	-0.097587	-0.132357	-0.203559	0.375312	-0.904270	-0.016764	-0.924809	-0.380063	-0.978919	-0.062206	0.194545
42	689237703													-0.197118	-0.085718	-0.092010	-0.203016	0.376230	-0.904011	-0.018305	-0.924534	-0.380661	-0.979004	-0.060732	0.194582
43	689254370													-0.228276	-0.080556	-0.050415	-0.202225	0.377087	-0.903831	-0.019876	-0.924289	-0.381176	-0.979137	-0.059119	0.194410
44	689271037													-0.222512	-0.047907	-0.042994	-0.201312	0.377728	-0.903767	-0.021456	-0.924135	-0.381462	-0.979292	-0.057402	0.194144
45	689287704													-0.132817	-0.014539	-0.070471	-0.200411	0.378211	-0.903765	-0.023010	-0.924043	-0.381595	-0.979442	-0.055680	0.193891
46	689304371													-0.046250	0.032812	-0.072265	-0.199671	0.378564	-0.903781	-0.024598	-0.924001	-0.381599	-0.979554	-0.053963	0.193808
47	689321038													-0.036746	0.043204	-0.051455	-0.199040	0.378871	-0.903792	-0.026248	-0.923975	-0.381551	-0.979640	-0.052221	0.193852
48	689337705													-0.102863	0.066859	-0.068080	-0.198228	0.379013	-0.903911	-0.027896	-0.924019	-0.381327	-0.979759	-0.050374	0.193740
49	689354372													-0.166951	0.054910	-0.065112	-0.197099	0.378827	-0.904236	-0.029480	-0.924201	-0.380766	-0.979940	-0.048392	0.193327
50	689371039													-0.195498	0.038832	-0.035829	-0.195822	0.378503	-0.904649	-0.030990	-0.924437	-0.380074	-0.980150	-0.046392	0.192755
51	689387706													-0.237255	-0.007343	0.026531	-0.194475	0.378138	-0.905092	-0.032572	-0.924689	-0.379327	-0.980367	-0.044289	0.192146
52	689404373													-0.258172	-0.019268	0.003602	-0.192888	0.377676	-0.905624	-0.034241	-0.924985	-0.378457	-0.980623	-0.041991	0.191351
53	689421040													-0.291669	-0.018071	-0.046984	-0.190956	0.376910	-0.906352	-0.035878	-0.925406	-0.377275	-0.980943	-0.039525	0.190234
54	689437707													-0.347674	-0.044908	-0.044302	-0.188713	0.375766	-0.907297	-0.037387	-0.925976	-0.375726	-0.981320	-0.036983	0.188793
55	689454374													-0.373291	-0.077931	0.021175	-0.186156	0.374412	-0.908384	-0.038773	-0.926624	-0.373984	-0.981755	-0.034399	0.187013
56	689471041													-0.411362	-0.151979	0.104259	-0.183388	0.373133	-0.909473	-0.040135	-0.927233	-0.372327	-0.982221	-0.031779	0.185019
57	689487708													-0.500631	-0.178895	0.108762	-0.180085	0.371868	-0.910650	-0.041490	-0.927833	-0.370680	-0.982776	-0.028971	0.182517
58	689504375													-0.592354	-0.213022	0.115147	-0.176053	0.370282	-0.912084	-0.042766	-0.928558	-0.368715	-0.983451	-0.025907	0.179311
59	689521042													-0.739502	-0.231744	0.168187	-0.171207	0.367978	-0.913937	-0.044066	-0.929565	-0.366016	-0.984249	-0.022391	0.175364
60	689537709													-0.951496	-0.279941	0.233493	-0.165354	0.364661	-0.916341	-0.045408	-0.930961	-0.362285	-0.985188	-0.018296	0.170497
61	689554376													-1.103321	-0.302208	0.281151	-0.158438	0.360153	-0.919341	-0.046695	-0.932793	-0.357375	-0.986264	-0.013694	0.164607
62	689571043													-1.300849	-0.441437	0.336542	-0.150318	0.354330	-0.922960	-0.047833	-0.935081	-0.351193	-0.987480	-0.008643	0.157508
63	689587710													-1.483146	-0.502605	0.262472	-0.140620	0.347238	-0.927174	-0.048732	-0.937772	-0.343816	-0.988864	-0.003164	0.148791
64	689604377													-1.599959	-0.508758	0.195198	-0.129706	0.339061	-0.931780	-0.049357	-0.940761	-0.335459	-0.990323	0.002479	0.138757
65	689621044													-1.606003	-0.554914	0.264758	-0.117923	0.330520	-0.936403	-0.049821	-0.943764	-0.326844	-0.991772	0.008110	0.127759
66	689637711													-1.493855	-0.553296	0.301388	-0.105439	0.322206	-0.940780	-0.050202	-0.946571	-0.318563	-0.993158	0.013640	0.115982
67	689654378													-1.368101	-0.483550	0.283425	-0.092201	0.314421	-0.944796	-0.050434	-0.949094	-0.310930	-0.994462	0.018982	0.103365
68	689671045													-1.210615	-0.468903	0.377924	-0.078458	0.307215	-0.948401	-0.050479	-0.951337	-0.303990	-0.995639	0.024024	0.090148
69	689687712													-0.893343	-0.225757	0.529593	-0.064394	0.300363	-0.951649	-0.050369	-0.953391	-0.297505	-0.996653	0.028776	0.076521
70	689704379													-0.511795	0.007475	0.808178	-0.050964	0.294052	-0.954430	-0.050159	-0.955219	-0.291617	-0.997440	0.033011	0.063431
71	689721046													-0.141936	0.118363	0.990577	-0.038326	0.288189	-0.956806	-0.049920	-0.956866	-0.286208	-0.998018	0.036794	0.051059
72	689737713													0.206296	0.186439	0.849464	-0.026232	0.282811	-0.958817	-0.049764	-0.958327	-0.281306	-0.998416	0.040336	0.039213
73	689754380													0.563679	-0.011861	0.680988	-0.014747	0.277547	-0.960599	-0.049881	-0.959711	-0.276525	-0.998646	0.043838	0.027997
74	689771047													0.798568	-0.409862	0.808994	-0.004085	0.271986	-0.962293	-0.051101	-0.961100	-0.271432	-0.998685	0.048065	0.017825
75	689787714													0.837518	-0.670348	1.101529	0.006171	0.265806	-0.964007	-0.054250	-0.962516	-0.265742	-0.998508	0.053937	0.008480
76	689804381													0.662741	-0.621442	0.907220	0.017240	0.258735	-0.965794	-0.059113	-0.963984	-0.259306	-0.998102	0.061562	-0.001325
77	689821048													-0.074277	-0.199120	0.084590	0.030003	0.249841	-0.967822	-0.063527	-0.965824	-0.251294	-0.997529	0.069023	-0.013106
78	689837715													-0.859894	0.125436	-0.371719	0.044570	0.237038	-0.970477	-0.066404	-0.968591	-0.239627	-0.996797	0.075124	-0.027430
79	689854382													-0.739361	0.456985	-0.549001	0.059384	0.222302	-0.973168	-0.068173	-0.971709	-0.226129	-0.995905	0.079772	-0.042549
80	689871049													-0.388215	0.626912	-0.618939	0.072967	0.208011	-0.975401	-0.069486	-0.974571	-0.213032	-0.994911	0.083321	-0.056657
81	689887716													-0.122376	0.541308	-0.401372	0.086968	0.193917	-0.977155	-0.070426	-0.977221	-0.200198	-0.993719	0.086228	-0.071330
82	689904383													0.256846	0.461852	-0.316349	0.101954	0.178729	-0.978602	-0.070890	-0.979921	-0.186356	-0.992260	0.088373	-0.087237
83	689921050													0.907038	0.508770	-0.484728	0.114861	0.164367	-0.979689	-0.070644	-0.982368	-0.173099	-0.990866	0.089091	-0.101224
84	689937717													1.189456	0.488781	-0.355813	0.125519	0.152945	-0.980231	-0.069212	-0.984288	-0.162441	-0.989674	0.088233	-0.112961
85	689954384													1.482406	0.134131	-0.283961	0.135081	0.144261	-0.980276	-0.066655	-0.985780	-0.154256	-0.988590	0.086178	-0.123544
86	689971051													1.391035	-0.124476	-0.522057	0.144820	0.137394	-0.979873	-0.062496	-0.987065	-0.147639	-0.987482	0.082619	-0.134360
87	689987718													1.186450	-0.081422	-0.527790	0.154203	0.131666	-0.979227	-0.057480	-0.988207	-0.141925	-0.986366	0.078171	-0.144816
88	690004385													0.820819	0.194303	-0.431761	0.164021	0.126454	-0.978318	-0.052399	-0.989233	-0.136650	-0.985064	0.073677	-0.155629
89	690021052													0.866828	0.333251	-0.439372	0.173942	0.121482	-0.977234	-0.047248	-0.990189	-0.131502	-0.983622	0.069046	-0.166496
90	690037719													1.182651	0.395225	-0.801594	0.182753	0.119900	-0.975820	-0.041232	-0.990728	-0.129454	-0.982294	0.063893	-0.176114
91	690054386													1.215957	0.432498	-0.941059	0.189995	0.122184	-0.974152	-0.033432	-0.990845	-0.130798	-0.981216	0.057419	-0.184171
92	690071053													1.141171	0.233227	-1.101070	0.196034	0.127453	-0.972279	-0.023915	-0.990601	-0.134676	-0.980306	0.049653	-0.191143
93	690087720													1.013195	0.212646	-1.242821	0.200813	0.135031	-0.970279	-0.012920	-0.990003	-0.140450	-0.979544	0.040740	-0.197061
94	690104387													0.789421	0.431081	-1.203088	0.203776	0.144652	-0.968272	-0.000764	-0.989001	-0.147910	-0.979017	0.030880	-0.201424
95	690121054													0.438882	0.731454	-0.939244	0.204740	0.154951	-0.966474	0.012144	-0.987716	-0.155784	-0.978741	0.020159	-0.204106
96	690137721													0.168690	0.765963	-0.642458	0.203684	0.163912	-0.965218	0.025156	-0.986436	-0.162207	-0.978713	0.008758	-0.205045
97	690154388													-0.126203	0.521440	-0.462465	0.199662	0.170915	-0.964844	0.037819	-0.985281	-0.166709	-0.979135	-0.003204	-0.203187
98	690171055													-0.628337	0.193005	-0.460477	0.192974	0.175401	-0.965399	0.050479	-0.984364	-0.168756	-0.979905	-0.016166	-0.198811
99	690187722													-1.217018	-0.030894	-0.558097	0.184316	0.175789	-0.967019	0.062356	-0.983985	-0.166988	-0.980887	-0.029521	-0.192326
100	690204389													-1.863498	-0.315065	-0.870540	0.173601	0.173121	-0.969480	0.072995	-0.983982	-0.162640	-0.982107	-0.042533	-0.183457
101	690221056													-2.334657	-0.644831	-1.007898	0.161295	0.168878	-0.972350	0.082167	-0.984128	-0.157293	-0.983480	-0.054524	-0.172611
102	690237723													-2.058698	-1.007050	-0.669629	0.149591	0.164689	-0.974936	0.089486	-0.984239	-0.152530	-0.984690	-0.064426	-0.161971
103	690254390													-1.580795	-1.291329	0.083892	0.141747	0.160059	-0.976877	0.094840	-0.984498	-0.147546	-0.985349	-0.071733	-0.154730
104	690271057													-0.816281	-1.667284	0.381084	0.138777	0.155833	-0.977986	0.098424	-0.984823	-0.142956	-0.985421	-0.076418	-0.152009
105	690287724													-1.155176	-1.736398	0.073803	0.141037	0.151234	-0.978385	0.100437	-0.985350	-0.137832	-0.984896	-0.078826	-0.154161
106	690304391													-1.401197	-1.690819	0.054199	0.143059	0.144638	-0.979088	0.100613	-0.986264	-0.130997	-0.984587	-0.079769	-0.155647
107	690321058													-1.667031	-1.897824	1.597485	0.145747	0.134453	-0.980143	0.098161	-0.987798	-0.120907	-0.984440	-0.078590	-0.157166
108	690337725													-1.605922	-2.575641	2.359555	0.150307	0.118247	-0.981542	0.092219	-0.990170	-0.105164	-0.984329	-0.074710	-0.159734
109	690354392													-0.637132	-2.518335	2.405191	0.148562	0.103666	-0.983454	0.084690	-0.992170	-0.091792	-0.985270	-0.069652	-0.156179
110	690371059													-1.323659	-1.515373	2.305143	0.147086	0.093685	-0.984677	0.078515	-0.993469	-0.082793	-0.986003	-0.065135	-0.153481
111	690387726													-1.304218	0.557530	0.966085	0.145900	0.089144	-0.985275	0.078023	-0.993867	-0.078367	-0.986218	-0.065441	-0.151961
112	690404393													0.344237	1.067121	-0.161112	0.138047	0.091438	-0.986196	0.081693	-0.993387	-0.080670	-0.987051	-0.069429	-0.144604
113	690421060													0.978542	-0.106223	-0.699501	0.126743	0.102053	-0.986672	0.086501	-0.992041	-0.091497	-0.988157	-0.073751	-0.134562
114	690437727													1.184472	-0.857502	-0.975322	0.114919	0.119517	-0.986159	0.090969	-0.989831	-0.109361	-0.989201	-0.077142	-0.124623
115	690454394													1.181476	-0.824938	-0.768638	0.104474	0.139032	-0.984762	0.094183	-0.987113	-0.129373	-0.990058	-0.079231	-0.116222
116	690471061													0.656932	-0.316485	-0.489148	0.097118	0.153520	-0.983361	0.095867	-0.984881	-0.144289	-0.990645	-0.080259	-0.110368
117	690487728													0.406176	0.369861	-0.314011	0.091126	0.160164	-0.982875	0.096572	-0.983751	-0.151353	-0.991146	-0.081126	-0.105112
118	690504395													0.336366	0.884298	-0.003681	0.085025	0.161187	-0.983255	0.096942	-0.983484	-0.152842	-0.991652	-0.082323	-0.099246
119	690521062													0.064424	0.749240	0.236437	0.079492	0.158751	-0.984113	0.097094	-0.983776	-0.150854	-0.992096	-0.083560	-0.093616
120	690537729													0.091282	0.370535	0.283505	0.074310	0.154769	-0.985152	0.096953	-0.984325	-0.147326	-0.992511	-0.084566	-0.088151
121	690554396													0.233889	0.083376	0.234321	0.068428	0.150506	-0.986238	0.096890	-0.984885	-0.143577	-0.992940	-0.085732	-0.081977
122	690571063													0.490406	-0.018790	0.324942	0.061341	0.147359	-0.987179	0.097561	-0.985191	-0.141000	-0.993337	-0.087661	-0.074809
123	690587730													0.597963	-0.198214	0.370422	0.053498	0.147255	-0.987651	0.099562	-0.984925	-0.141455	-0.993592	-0.090765	-0.067352
124	690604397													0.370134	-0.331355	0.144220	0.046068	0.150363	-0.987557	0.102154	-0.984133	-0.145076	-0.993701	-0.094200	-0.060697
125	690621064													0.196631	-0.247424	0.078523	0.039032	0.156049	-0.986978	0.104477	-0.982954	-0.151281	-0.993761	-0.097211	-0.054670
126	690637731													0.168193	-0.075713	-0.019370	0.032633	0.162922	-0.986099	0.106586	-0.981566	-0.158646	-0.993768	-0.099927	-0.049397
127	690654398													0.411398	0.080836	-0.164152	0.026385	0.170363	-0.985028	0.108777	-0.980009	-0.166581	-0.993716	-0.102753	-0.044389
128	690671065													0.480220	0.043730	-0.280808	0.021118	0.177300	-0.983930	0.110914	-0.978490	-0.173939	-0.993606	-0.105458	-0.040329
129	690687732													0.805404	0.154238	-0.325557	0.016851	0.183093	-0.982951	0.113073	-0.977133	-0.180071	-0.993444	-0.108111	-0.037168
130	690704399													0.877282	0.309354	-0.334087	0.012055	0.187381	-0.982213	0.115204	-0.976004	-0.184782	-0.993269	-0.110927	-0.033352
131	690721066													1.109473	0.494930	-0.179443	0.006013	0.190333	-0.981701	0.116914	-0.975120	-0.188340	-0.993124	-0.113643	-0.028116
132	690737733													1.219593	0.541278	0.023078	-0.000496	0.191626	-0.981468	0.118270	-0.974568	-0.190339	-0.992981	-0.116173	-0.022180
133	690754400													1.453321	0.592972	-0.074893	-0.007020	0.191635	-0.981441	0.119454	-0.974277	-0.191091	-0.992815	-0.118578	-0.016052
134	690771067													1.024558	0.252328	-0.213656	-0.014359	0.190612	-0.981561	0.121010	-0.974115	-0.190936	-0.992547	-0.121520	-0.009079
135	690787734													0.336319	-0.073304	-0.269574	-0.020620	0.187151	-0.982115	0.122951	-0.974393	-0.188260	-0.992198	-0.124634	-0.002919
136	690804401													-0.126226	-0.200191	-0.146664	-0.026333	0.182383	-0.982875	0.124974	-0.974902	-0.184251	-0.991811	-0.127685	0.002879
137	690821068													-0.440899	-0.445991	-0.014592	-0.032581	0.177805	-0.983526	0.126920	-0.975346	-0.180531	-0.991378	-0.130711	0.009210
138	690837735													-0.520714	-0.726404	0.131057	-0.039059	0.174242	-0.983928	0.128855	-0.975580	-0.177879	-0.990894	-0.133732	0.015653
139	690854402													-0.494819	-0.878946	0.130705	-0.045236	0.172234	-0.984017	0.130616	-0.975549	-0.176756	-0.990400	-0.136524	0.021634
140	690871069													-0.330888	-0.865623	-0.100852	-0.051374	0.172466	-0.983675	0.132174	-0.975137	-0.177872	-0.989894	-0.139154	0.027301
141	690887736													-0.297179	-0.694033	-0.103629	-0.057657	0.174824	-0.982910	0.133590	-0.974343	-0.181136	-0.989358	-0.141750	0.032823
142	690904403													-0.094238	-0.319997	0.086059	-0.064191	0.178470	-0.981849	0.134632	-0.973335	-0.185724	-0.988814	-0.144110	0.038452
143	690921070													0.342451	-0.058992	0.033139	-0.072054	0.183772	-0.980325	0.135436	-0.971973	-0.192161	-0.988163	-0.146617	0.045146
144	690937737													0.384885	-0.130330	-0.168983	-0.080303	0.190128	-0.978470	0.136549	-0.970287	-0.199745	-0.987373	-0.149649	0.051955
145	690954404													0.611254	0.162960	-0.226940	-0.088929	0.197465	-0.976268	0.137329	-0.968360	-0.208375	-0.986525	-0.152601	0.058998
146	690971071													0.671129	0.359158	-0.148842	-0.098680	0.205895	-0.973586	0.137586	-0.966142	-0.218266	-0.985562	-0.155490	0.067011
147	690987738													0.560417	0.318104	-0.114388	-0.108650	0.214195	-0.970729	0.137599	-0.963870	-0.228083	-0.984511	-0.158352	0.075251
148	691004405													0.264542	0.500078	-0.069527	-0.118612	0.221581	-0.967901	0.137517	-0.961723	-0.237019	-0.983372	-0.161216	0.083601
149	691021072													0.045198	0.803522	0.147942	-0.128242	0.226825	-0.965456	0.137708	-0.959990	-0.243833	-0.982136	-0.164221	0.091875
150	691037739													-0.074508	1.069879	0.179885	-0.137748	0.229139	-0.963598	0.138221	-0.958905	-0.247782	-0.980775	-0.167321	0.100416
151	691054406													-0.093520	1.205307	0.039169	-0.147710	0.229175	-0.962113	0.138865	-0.958342	-0.249596	-0.979234	-0.170471	0.109732
152	691071073													-0.080856	1.130062	0.055169	-0.158473	0.227679	-0.960754	0.139626	-0.958104	-0.250082	-0.977441	-0.173778	0.120044
153	691087740													-0.042168	0.736977	0.037005	-0.169763	0.225044	-0.959445	0.140503	-0.958104	-0.249590	-0.975417	-0.177176	0.131032
154	691104407													0.073081	0.236815	-0.104037	-0.181990	0.223218	-0.957629	0.140864	-0.957929	-0.250058	-0.973158	-0.180403	0.142890
155	691121074													-0.008630	-0.203663	-0.051636	-0.195602	0.224531	-0.954634	0.140374	-0.957003	-0.253850	-0.970585	-0.183659	0.155673
156	691137741													-0.163741	-0.686476	-0.322554	-0.211142	0.229729	-0.950076	0.139042	-0.955045	-0.261831	-0.967516	-0.187384	0.169708
157	691154408													-0.652641	-1.059751	-0.431244	-0.228469	0.239320	-0.943678	0.136824	-0.951801	-0.274506	-0.963889	-0.191834	0.184713
158	691171075													-1.249770	-1.098447	-0.345469	-0.247237	0.253449	-0.935221	0.132912	-0.947190	-0.291830	-0.959796	-0.196453	0.200494
159	691187742													-1.840179	-0.788945	0.068093	-0.266682	0.271221	-0.924835	0.128459	-0.941022	-0.313010	-0.955186	-0.202277	0.216113
160	691204409													-2.388125	-0.621169	-0.193733	-0.285893	0.290006	-0.913324	0.124354	-0.933818	-0.335440	-0.950158	-0.209476	0.230909
161	691221076													-2.827465	-0.140240	0.168405	-0.304560	0.306033	-0.901991	0.120572	-0.926974	-0.355221	-0.944831	-0.216941	0.245420
162	691237743													-2.805104	0.222078	0.318218	-0.320736	0.316006	-0.892899	0.118878	-0.921818	-0.368943	-0.939679	-0.224479	0.258095
163	691254410													-2.129951	0.515056	0.174011	-0.332985	0.320531	-0.886781	0.118713	-0.918717	-0.376651	-0.935429	-0.230692	0.267868
164	691271077													-1.287062	0.496730	0.048721	-0.341337	0.322644	-0.882831	0.119018	-0.916845	-0.381092	-0.932376	-0.235153	0.274552
165	691287744													-0.743351	0.465742	-0.117789	-0.347479	0.323829	-0.879996	0.119468	-0.915537	-0.384082	-0.930046	-0.238592	0.279443
166	691304411													-0.571655	0.473792	-0.313985	-0.353126	0.325335	-0.877188	0.119894	-0.914125	-0.387300	-0.927862	-0.241935	0.283796
167	691321078													-0.059952	1.002548	-0.138789	-0.359042	0.328965	-0.873425	0.120132	-0.911751	-0.392783	-0.925558	-0.245952	0.287838
168	691337745													0.678130	1.148991	0.300219	-0.366889	0.335838	-0.867529	0.119457	-0.907832	-0.401960	-0.922563	-0.251107	0.292955
169	691354412													0.508584	-0.125847	0.188677	-0.375833	0.344701	-0.860192	0.118078	-0.902865	-0.413391	-0.919134	-0.256936	0.298625
170	691371079													0.156348	-0.836657	-0.614162	-0.385012	0.352643	-0.852883	0.117210	-0.897955	-0.424191	-0.915438	-0.263285	0.304390
171	691387746													-0.007275	-0.687682	-0.815686	-0.395727	0.360528	-0.844641	0.115869	-0.892770	-0.435358	-0.911029	-0.270150	0.311520
172	691404413													-0.406525	-0.417589	-0.648619	-0.407004	0.369057	-0.835551	0.113490	-0.887224	-0.447162	-0.906349	-0.276824	0.319219
173	691421080													-0.758407	-0.493980	-0.473008	-0.417622	0.377582	-0.826453	0.110305	-0.881772	-0.458596	-0.901901	-0.282682	0.326598
174	691437747													-1.236449	-0.590405	-0.395512	-0.427162	0.385579	-0.817840	0.106363	-0.876806	-0.468933	-0.897897	-0.287298	0.333527
175	691454414													-1.535275	-0.421047	-0.404935	-0.435749	0.392541	-0.809960	0.102089	-0.872525	-0.477785	-0.894260	-0.290882	0.340128
176	691471081													-1.790154	-0.077629	-0.267010	-0.443572	0.398406	-0.802818	0.097639	-0.868950	-0.485172	-0.890904	-0.293595	0.346542
177	691487748													-1.821993	0.165961	0.082450	-0.451319	0.403340	-0.796008	0.093186	-0.865844	-0.491560	-0.887484	-0.296027	0.353186
178	691504415													-1.744943	0.156696	0.400886	-0.459401	0.407973	-0.788992	0.088627	-0.862789	-0.497736	-0.883796	-0.298586	0.360209
179	691521082													-1.749181	0.053625	0.451734	-0.467770	0.413062	-0.781390	0.083720	-0.859393	-0.504415	-0.879876	-0.301368	0.367417
180	691537749													-1.992381	-0.014678	0.416144	-0.476060	0.419053	-0.773150	0.078397	-0.855443	-0.511929	-0.875911	-0.304321	0.374390
181	691554416													-2.277541	-0.195191	0.146373	-0.483825	0.426152	-0.764401	0.072640	-0.850868	-0.520334	-0.872145	-0.307276	0.380715
182	691571083													-2.681489	-0.421818	-0.035451	-0.490664	0.434958	-0.755023	0.066195	-0.845389	-0.530034	-0.868831	-0.310047	0.386010
183	691587750													-3.114047	-0.620790	-0.031225	-0.496405	0.445602	-0.744997	0.059297	-0.838791	-0.541214	-0.866063	-0.312838	0.389957
184	691604417													-3.538266	-0.603481	0.527825	-0.501224	0.457806	-0.734295	0.052091	-0.831081	-0.553706	-0.863748	-0.315781	0.392710
185	691621084													-3.824613	-0.690427	1.133400	-0.504787	0.468512	-0.725042	0.045477	-0.824305	-0.564317	-0.862045	-0.317832	0.394792
186	691637751													-4.244208	-1.041528	0.924358	-0.506019	0.479349	-0.717056	0.039708	-0.817519	-0.574531	-0.861608	-0.319197	0.394646
187	691654418													-4.737266	-1.393459	0.789575	-0.503987	0.489956	-0.711295	0.034752	-0.811363	-0.583508	-0.863012	-0.318799	0.391890
188	691671085													-5.200788	-1.442593	0.620690	-0.497302	0.500848	-0.708408	0.029801	-0.806192	-0.590903	-0.867066	-0.314969	0.385995
189	691687752													-5.335015	-1.657020	0.573515	-0.485313	0.511365	-0.709209	0.025257	-0.802598	-0.595985	-0.873976	-0.307151	0.376596
190	691704419													-5.375688	-1.998849	0.702902	-0.468106	0.522563	-0.712604	0.020711	-0.799703	-0.600039	-0.883430	-0.295640	0.363523
191	691721086													-5.861921	-2.818668	0.174901	-0.442856	0.532232	-0.721532	0.017209	-0.799554	-0.600347	-0.896428	-0.278284	0.344928
192	691737753													-4.957936	-3.683846	-1.033985	-0.408177	0.537135	-0.738158	0.016452	-0.804124	-0.594234	-0.912755	-0.254696	0.319388
193	691754420													-4.182361	-3.025196	-0.333264	-0.373565	0.534690	-0.757995	0.016884	-0.813099	-0.581881	-0.927450	-0.230169	0.294717
194	691771087													-3.612410	-2.445300	-0.062667	-0.334086	0.526689	-0.781656	0.018472	-0.825487	-0.564118	-0.942362	-0.202903	0.266054
195	691787754													-3.172432	-0.420566	0.710192	-0.294695	0.516366	-0.804065	0.019479	-0.838011	-0.545305	-0.955393	-0.176361	0.236900
196	691804421													-1.400570	1.431005	1.915646	-0.256086	0.506141	-0.823554	0.018624	-0.849222	-0.527708	-0.966475	-0.150477	0.208047
197	691821088													0.681351	2.063079	2.907291	-0.218062	0.497170	-0.839804	0.016180	-0.858553	-0.512470	-0.975801	-0.125338	0.179174
198	691837755													2.102239	1.654104	3.212058	-0.179309	0.487740	-0.854376	0.015448	-0.866948	-0.498159	-0.983672	-0.102523	0.147917
199	691854422													2.341694	1.485361	2.783539	-0.138215	0.475272	-0.868915	0.017636	-0.876015	-0.481961	-0.990245	-0.081939	0.112696
200	691871089													2.343279	1.995600	2.294849	-0.095932	0.460149	-0.882644	0.021242	-0.885585	-0.463991	-0.995161	-0.063260	0.075181
201	691887756													2.868571	2.335174	2.237007	-0.055524	0.445132	-0.893742	0.025737	-0.894187	-0.446952	-0.998126	-0.047819	0.038192
202	691904423													2.959687	1.879965	2.229652	-0.014068	0.430046	-0.902698	0.031163	-0.902160	-0.430275	-0.999415	-0.034184	-0.000710
203	691921090													2.496074	1.556808	1.977906	0.029642	0.412625	-0.910419	0.036596	-0.910656	-0.411541	-0.998890	-0.021119	-0.042094
204	691937757													2.844176	1.547341	1.728257	0.072199	0.395003	-0.915838	0.040460	-0.918639	-0.393022	-0.996569	-0.008679	-0.082306
205	691954424													3.340502	2.005807	0.819869	0.110692	0.379309	-0.918625	0.042953	-0.925267	-0.376876	-0.992926	0.002260	-0.118712
206	691971091													4.154138	2.282177	0.061237	0.145908	0.366031	-0.919093	0.044702	-0.930526	-0.363487	-0.988288	0.011951	-0.152134
207	691987758													4.223947	2.219643	-0.966976	0.178265	0.354577	-0.917876	0.045879	-0.934798	-0.352203	-0.982912	0.020674	-0.182910
208	692004425													4.049564	2.382623	-1.988564	0.208352	0.341787	-0.916390	0.046509	-0.939355	-0.339778	-0.976947	0.028173	-0.211613
209	692021092													4.390379	1.976396	-2.756268	0.234797	0.326079	-0.915720	0.045673	-0.944716	-0.324693	-0.970971	0.034413	-0.236710
210	692037759													4.472349	1.780678	-3.415227	0.257555	0.307668	-0.915973	0.043012	-0.950664	-0.307226	-0.965306	0.039730	-0.258082
211	692054426													4.377137	1.341738	-4.191313	0.277201	0.287236	-0.916873	0.039145	-0.956852	-0.287926	-0.960014	0.043923	-0.276484
212	692071093													4.335929	1.087676	-4.368467	0.292308	0.267406	-0.918177	0.034143	-0.962417	-0.269421	-0.955714	0.047405	-0.290453
213	692087760													3.979341	0.699200	-4.662520	0.303841	0.249910	-0.919362	0.029119	-0.966968	-0.253228	-0.952278	0.050170	-0.301082
214	692104427													3.323670	0.384474	-4.635789	0.312788	0.235908	-0.920060	0.025196	-0.970385	-0.240246	-0.949489	0.051965	-0.309469
215	692121094													2.672334	0.017156	-4.418580	0.319552	0.225973	-0.920230	0.023499	-0.972739	-0.230707	-0.947277	0.052098	-0.316151
216	692137761													2.056708	-0.475402	-3.867100	0.324790	0.219967	-0.919851	0.024816	-0.974225	-0.224208	-0.945461	0.049993	-0.321877
217	692154428													1.570230	-0.686481	-3.225773	0.328041	0.216315	-0.919563	0.028776	-0.975266	-0.219153	-0.944225	0.045430	-0.326152
218	692171095													1.208527	-0.541005	-2.504914	0.328392	0.214606	-0.919838	0.035033	-0.975944	-0.215189	-0.943892	0.038441	-0.328011
219	692187762													0.773029	-0.245241	-1.860950	0.325756	0.214916	-0.920703	0.043167	-0.976187	-0.212595	-0.944468	0.029509	-0.327276
220	692204429													0.271051	-0.422419	-0.660699	0.319737	0.216775	-0.922375	0.051771	-0.976020	-0.211437	-0.946091	0.019852	-0.323293
221	692221096													-0.857400	-1.115665	1.027138	0.312344	0.216943	-0.924866	0.057739	-0.976110	-0.209464	-0.948213	0.012024	-0.317409
222	692237763													-2.676820	-1.891159	2.690373	0.306580	0.211963	-0.927944	0.059124	-0.977248	-0.203692	-0.950007	0.007584	-0.312137
223	692254430													-4.672518	-2.227237	3.817029	0.303616	0.199153	-0.931749	0.055907	-0.979950	-0.191238	-0.951153	0.005972	-0.308663
224	692271097													-5.784414	-1.631828	3.930818	0.302921	0.179234	-0.936010	0.049390	-0.983788	-0.172399	-0.951735	0.005994	-0.306862
225	692287764													-5.449575	-1.188785	3.596876	0.304311	0.156648	-0.939604	0.042250	-0.987635	-0.150972	-0.951635	0.006244	-0.307167
226	692304431													-4.292396	-1.389354	3.140650	0.310282	0.135653	-0.940916	0.036109	-0.990734	-0.130928	-0.949959	0.006649	-0.312305
227	692321098													-2.328633	-1.474825	1.036979	0.319795	0.120814	-0.939753	0.032857	-0.992655	-0.116434	-0.946917	0.006357	-0.321416
228	692337765													-0.539457	-1.524301	-1.173945	0.328842	0.113887	-0.937493	0.032935	-0.993481	-0.109136	-0.943810	0.005012	-0.330449
229	692354432													1.421753	-1.832367	-2.606457	0.336312	0.114105	-0.934812	0.035111	-0.993462	-0.108632	-0.941096	0.003712	-0.338120
230	692371099													2.644747	-4.304840	-1.624073	0.341020	0.114737	-0.933028	0.033616	-0.993377	-0.109872	-0.939455	0.006104	-0.342619
231	692387766													4.345397	-6.440679	1.670002	0.333263	0.111780	-0.936184	0.023110	-0.993617	-0.110410	-0.942551	0.015160	-0.333719
232	692404433													-1.527580	-4.678328	8.380548	0.337723	0.085614	-0.937344	0.002355	-0.995928	-0.090117	-0.941243	0.028227	-0.336550
233	692421100													-3.165679	2.983170	2.593467	0.351571	0.063266	-0.934021	-0.005177	-0.997567	-0.069518	-0.936147	0.029276	-0.350389
234	692437767													2.081017	6.574770	-0.200210	0.334037	0.060984	-0.940585	-0.001423	-0.997871	-0.065203	-0.942559	0.023119	-0.333239
235	692454434													3.443656	2.914458	0.029757	0.309173	0.067715	-0.948592	0.008368	-0.997617	-0.068487	-0.950969	0.013236	-0.309003
236	692471101													7.791486	-0.226993	-0.601143	0.290388	0.083282	-0.953278	0.024203	-0.996526	-0.079688	-0.956603	0.000068	-0.291395
237	692487768													7.754991	-2.045978	-3.496995	0.279449	0.113314	-0.953451	0.044373	-0.993475	-0.105065	-0.959135	-0.012948	-0.282653
238	692504435													3.958132	-1.443628	-3.269443	0.263660	0.145389	-0.953596	0.063396	-0.989051	-0.133266	-0.962530	-0.025317	-0.269990
239	692521102													4.588549	1.850969	-2.256375	0.242519	0.170457	-0.955054	0.075421	-0.984777	-0.156610	-0.967210	-0.034051	-0.251684
240	692537769													4.307547	3.199970	-1.906156	0.221134	0.191810	-0.956195	0.084395	-0.980554	-0.177179	-0.971585	-0.041518	-0.233022
241	692554436													2.846149	2.696281	-1.024917	0.199315	0.212319	-0.956658	0.092930	-0.975941	-0.197237	-0.975519	-0.049590	-0.214250
242	692571103													1.604418	1.905103	0.287463	0.177516	0.234108	-0.955867	0.102723	-0.970395	-0.218589	-0.978742	-0.059386	-0.196309
243	692587770													0.860292	1.324672	0.741378	0.155950	0.253759	-0.954613	0.112551	-0.964708	-0.238056	-0.981332	-0.070317	-0.179007
244	692604437													0.724319	1.690095	0.627363	0.133989	0.266850	-0.954378	0.119222	-0.960408	-0.251798	-0.983785	-0.080044	-0.160499
245	692621104													0.563194	1.974994	-0.111211	0.113197	0.272816	-0.955384	0.122688	-0.958043	-0.259039	-0.985969	-0.087891	-0.141919
246	692637771													0.576279	1.797942	-0.657811	0.093743	0.273943	-0.957166	0.123269	-0.957196	-0.261879	-0.987936	-0.093440	-0.123499
247	692654438													0.730356	1.520144	-0.610596	0.074844	0.273759	-0.958882	0.122507	-0.956819	-0.263608	-0.989642	-0.097740	-0.105149
248	692671105													0.613286	1.529303	-0.057554	0.057236	0.272679	-0.960401	0.121415	-0.956739	-0.264403	-0.990950	-0.101474	-0.087867
249	692687772													0.684479	1.335287	0.327723	0.040165	0.270952	-0.961755	0.120611	-0.956808	-0.264521	-0.991887	-0.105374	-0.071110
250	692704439													0.701256	1.006825	0.493785	0.022579	0.269706	-0.962678	0.120429	-0.956645	-0.265191	-0.992465	-0.109947	-0.054081
251	692721106													0.752922	0.902060	0.401089	0.004941	0.269141	-0.963088	0.120816	-0.956206	-0.266598	-0.992663	-0.115039	-0.037241
252	692737773													0.741453	0.283975	0.150821	-0.013155	0.269914	-0.962795	0.121366	-0.955328	-0.269479	-0.992521	-0.120395	-0.020191
253	692754440													0.855913	0.181213	-0.076886	-0.032454	0.273330	-0.961373	0.121556	-0.953660	-0.275241	-0.992054	-0.125793	-0.002275
254	692771107													1.058568	-0.189159	-0.351963	-0.053421	0.279413	-0.958684	0.121693	-0.951077	-0.283977	-0.991129	-0.131835	0.016805
255	692787774													1.064964	-0.498253	-0.666068	-0.077547	0.289723	-0.953964	0.121663	-0.946944	-0.297481	-0.989538	-0.139131	0.038184
256	692804441													0.970965	-0.633611	-0.445065	-0.104919	0.304790	-0.946623	0.121013	-0.940890	-0.316356	-0.987091	-0.147746	0.061834
257	692821108													0.724278	-0.669556	-0.299123	-0.133707	0.323126	-0.936863	0.119481	-0.933200	-0.338914	-0.983792	-0.157253	0.086168
258	692837775													0.221077	-0.332217	-0.148625	-0.163177	0.343702	-0.924793	0.116609	-0.924067	-0.364008	-0.979681	-0.167237	0.110708
259	692854442													-0.327888	-0.024765	-0.010527	-0.191443	0.363655	-0.911649	0.114561	-0.914202	-0.388731	-0.974795	-0.178859	0.133357
260	692871109													-1.090344	0.239737	0.001522	-0.218155	0.380825	-0.898544	0.112500	-0.904769	-0.410777	-0.969408	-0.190699	0.154537
261	692887776													-1.413313	0.311225	0.026541	-0.243056	0.393462	-0.886629	0.110890	-0.896776	-0.428364	-0.963653	-0.202435	0.174336
262	692904443													-1.396281	0.264201	-0.178987	-0.267386	0.401153	-0.876117	0.109813	-0.890613	-0.441305	-0.957312	-0.214207	0.194085
263	692921110													-1.422333	-0.168715	-0.215733	-0.290160	0.404838	-0.867129	0.109608	-0.886090	-0.450368	-0.950680	-0.225723	0.212734
264	692937777													-1.300030	-0.192638	-0.425701	-0.310191	0.406444	-0.859410	0.109936	-0.882599	-0.457091	-0.944296	-0.236266	0.229091
265	692954444													-0.909825	0.178279	-0.511549	-0.328785	0.409571	-0.850971	0.109698	-0.878404	-0.465158	-0.938012	-0.246287	0.243877
266	692971111													-0.774199	0.478073	-0.076488	-0.346754	0.414696	-0.841302	0.108349	-0.873238	-0.475096	-0.931677	-0.255896	0.257867
267	692987778													-1.182354	0.224423	0.218767	-0.362430	0.421229	-0.831391	0.106107	-0.867592	-0.485825	-0.925951	-0.264294	0.269746
268	693004445													-1.764620	-0.438179	-0.032733	-0.376019	0.428684	-0.821487	0.103483	-0.861575	-0.496971	-0.920816	-0.271881	0.279606
269	693021112													-2.104837	-0.997887	-0.395271	-0.388766	0.436288	-0.811489	0.100567	-0.855416	-0.508084	-0.915831	-0.279135	0.288680
270	693037779													-2.392226	-0.929964	-0.413021	-0.401239	0.444257	-0.801026	0.096861	-0.849026	-0.519396	-0.910838	-0.285990	0.297631
271	693054446													-2.708059	-0.338126	-0.166427	-0.413007	0.452023	-0.790633	0.092744	-0.842745	-0.530264	-0.905993	-0.292329	0.306137
272	693071113													-2.828892	0.215459	0.211660	-0.423533	0.459981	-0.780409	0.088473	-0.836369	-0.540980	-0.901550	-0.298168	0.313534
273	693087780													-2.918164	0.324192	0.454412	-0.432890	0.468368	-0.770219	0.084170	-0.829692	-0.551839	-0.897508	-0.303715	0.319743
274	693104447													-2.855278	0.083964	0.393953	-0.440944	0.477065	-0.760248	0.080031	-0.822768	-0.562715	-0.893960	-0.308969	0.324614
275	693121114													-2.320826	-0.568832	0.542714	-0.447396	0.485497	-0.751086	0.076495	-0.815974	-0.573005	-0.891058	-0.313815	0.327926
276	693137781													-2.610908	-0.193459	0.291477	-0.452072	0.495751	-0.741527	0.071507	-0.808508	-0.584125	-0.889111	-0.317091	0.330054
277	693154448													-2.390376	-0.492522	0.345684	-0.454988	0.507548	-0.731697	0.065461	-0.800386	-0.595900	-0.888088	-0.319025	0.330941
278	693171115													-2.783164	-0.553745	0.919713	-0.457294	0.519190	-0.722028	0.059117	-0.792349	-0.607197	-0.887349	-0.320352	0.331643
279	693187782													-3.274840	-0.693014	1.890346	-0.458710	0.530267	-0.713023	0.053003	-0.784668	-0.617647	-0.887004	-0.321113	0.331830
280	693204449													-3.422534	-1.061839	2.099301	-0.457609	0.542108	-0.704779	0.047500	-0.776604	-0.628196	-0.887884	-0.320946	0.329631
