// Start Time: Unknown
// Update Rate: 100.0Hz
//Filter Profile: human (46.1)
// Option Flags: AHS Disabled ICC Disabled
// Firmware Version: 4.0.2
PacketCounter	SampleTimeFine	Year	Month	Day	Second	UTC_Nano	UTC_Year	UTC_Month	UTC_Day	UTC_Hour	UTC_Minute	UTC_Second	UTC_Valid	Acc_X	Acc_Y	Acc_Z	Mat[1][1]	Mat[1][2]	Mat[1][3]	Mat[2][1]	Mat[2][2]	Mat[2][3]	Mat[3][1]	Mat[3][2]	Mat[3][3]
1	661481793													-0.017203	0.011265	0.107174	-0.218933	-0.176549	-0.959635	0.073472	-0.983685	0.164212	-0.972970	-0.034554	0.228332
2	661498460													-0.032189	0.008839	0.116939	-0.218072	-0.177430	-0.959668	0.073351	-0.983533	0.165174	-0.973172	-0.034373	0.227496
3	661515127													0.002462	0.026647	0.160552	-0.216764	-0.178679	-0.959733	0.073163	-0.983316	0.166545	-0.973479	-0.034116	0.226220
4	661531794													-0.021033	0.048930	0.169979	-0.215850	-0.179697	-0.959749	0.073245	-0.983130	0.167602	-0.973676	-0.034120	0.225370
5	661548461													-0.005583	0.082000	0.226677	-0.214787	-0.181509	-0.959646	0.073490	-0.982797	0.169439	-0.973892	-0.034131	0.224431
6	661565128													0.010147	0.131603	0.273401	-0.213712	-0.182491	-0.959700	0.073940	-0.982600	0.170381	-0.974094	-0.034548	0.223487
7	661581795													0.040419	0.145443	0.206339	-0.212580	-0.183739	-0.959713	0.074559	-0.982349	0.171558	-0.974295	-0.035086	0.222527
8	661598462													0.045721	0.145390	0.123214	-0.211641	-0.185005	-0.959678	0.075153	-0.982094	0.172752	-0.974454	-0.035561	0.221755
9	661615129													0.051440	0.130227	0.105451	-0.210765	-0.186562	-0.959569	0.075674	-0.981788	0.174261	-0.974603	-0.035886	0.221044
10	661631796													0.072343	0.104931	0.099921	-0.209970	-0.187825	-0.959497	0.075979	-0.981541	0.175514	-0.974751	-0.036049	0.220365
11	661648463													0.134513	0.053114	0.084586	-0.209397	-0.189137	-0.959364	0.075994	-0.981295	0.176874	-0.974873	-0.035869	0.219854
12	661665130													0.131720	0.050478	0.142542	-0.209182	-0.190730	-0.959096	0.075734	-0.981008	0.178570	-0.974940	-0.035282	0.219654
13	661681797													0.136185	0.017182	0.150150	-0.209155	-0.192260	-0.958796	0.075281	-0.980738	0.180238	-0.974980	-0.034481	0.219600
14	661698464													0.134087	-0.021119	0.140180	-0.209272	-0.193981	-0.958424	0.074645	-0.980436	0.182137	-0.975004	-0.033426	0.219657
15	661715131													0.114082	-0.078514	0.078253	-0.209482	-0.195902	-0.957987	0.073832	-0.980097	0.184279	-0.975021	-0.032127	0.219776
16	661731798													0.137091	-0.102854	0.073997	-0.209934	-0.197966	-0.957464	0.072874	-0.979731	0.186592	-0.974996	-0.030602	0.220106
17	661748465													0.075495	-0.081978	0.132168	-0.210460	-0.199752	-0.956977	0.071787	-0.979417	0.188648	-0.974963	-0.028995	0.220468
18	661765132													-0.052814	-0.045149	0.192243	-0.210647	-0.201222	-0.956628	0.070625	-0.979161	0.190410	-0.975008	-0.027452	0.220468
19	661781799													-0.216011	-0.020759	0.166556	-0.210296	-0.202029	-0.956535	0.069338	-0.979033	0.191537	-0.975176	-0.026044	0.219895
20	661798466													-0.282419	0.062799	0.083959	-0.209555	-0.201769	-0.956753	0.067791	-0.979122	0.191638	-0.975444	-0.024701	0.218858
21	661815133													-0.247668	0.107651	0.068483	-0.208860	-0.201315	-0.957000	0.066117	-0.979250	0.191566	-0.975708	-0.023264	0.217837
22	661831800													-0.143885	0.034770	0.122113	-0.208519	-0.200811	-0.957181	0.064362	-0.979390	0.191450	-0.975898	-0.021685	0.217146
23	661848467													-0.096132	-0.020749	0.157737	-0.208263	-0.200467	-0.957308	0.062482	-0.979498	0.191520	-0.976075	-0.019928	0.216519
24	661865134													-0.030122	-0.051074	0.168869	-0.208037	-0.200301	-0.957393	0.060605	-0.979567	0.191771	-0.976242	-0.018127	0.215925
25	661881801													0.026062	-0.077412	0.148004	-0.207849	-0.200213	-0.957452	0.058832	-0.979615	0.192076	-0.976390	-0.016406	0.215391
26	661898468													0.038838	-0.099803	0.162202	-0.207762	-0.200092	-0.957496	0.057083	-0.979667	0.192339	-0.976512	-0.014696	0.214959
27	661915135													0.048298	-0.160422	0.115113	-0.207685	-0.199846	-0.957564	0.055259	-0.979742	0.192489	-0.976634	-0.012937	0.214521
28	661931802													0.067977	-0.187428	0.102145	-0.207717	-0.199231	-0.957685	0.053275	-0.979890	0.192295	-0.976737	-0.011078	0.214154
29	661948469													0.020645	-0.153382	0.102118	-0.207763	-0.198742	-0.957777	0.051241	-0.980009	0.192240	-0.976836	-0.009137	0.213793
30	661965136													0.083620	-0.123211	0.115816	-0.207843	-0.197783	-0.957958	0.049170	-0.980219	0.191711	-0.976926	-0.007257	0.213457
31	661981803													0.134474	-0.056888	0.121717	-0.208085	-0.196445	-0.958180	0.047089	-0.980500	0.190795	-0.976977	-0.005418	0.213278
32	661998470													0.150642	-0.005858	0.137626	-0.208531	-0.195073	-0.958364	0.045005	-0.980782	0.189843	-0.976980	-0.003543	0.213303
33	662015137													0.138684	0.018375	0.183574	-0.209119	-0.193595	-0.958535	0.042915	-0.981080	0.188786	-0.976948	-0.001656	0.213471
34	662031804													0.070082	0.049353	0.189866	-0.209653	-0.192347	-0.958670	0.040813	-0.981327	0.187967	-0.976924	0.000281	0.213589
35	662048471													0.013337	0.091586	0.150208	-0.210086	-0.191108	-0.958823	0.038582	-0.981566	0.187187	-0.976921	0.002332	0.213586
36	662065138													-0.045429	0.112289	0.117498	-0.210583	-0.189971	-0.958940	0.036336	-0.981780	0.186517	-0.976900	0.004433	0.213649
37	662081805													-0.006531	0.118588	0.104688	-0.211164	-0.189099	-0.958985	0.034048	-0.981935	0.186128	-0.976858	0.006652	0.213787
38	662098472													0.043884	0.144220	0.080471	-0.211761	-0.188625	-0.958946	0.031790	-0.982009	0.186141	-0.976804	0.008933	0.213947
39	662115139													0.088149	0.142239	0.118051	-0.212440	-0.188648	-0.958792	0.029562	-0.981980	0.186660	-0.976727	0.011310	0.214189
40	662131806													0.146883	0.138669	0.156190	-0.213171	-0.188989	-0.958562	0.027397	-0.981884	0.187494	-0.976631	0.013706	0.214486
41	662148473													0.145615	0.117398	0.129752	-0.213845	-0.189522	-0.958307	0.025215	-0.981744	0.188530	-0.976542	0.016152	0.214719
42	662165140													0.139969	0.110339	0.104295	-0.214509	-0.190238	-0.958016	0.023040	-0.981561	0.189755	-0.976450	0.018631	0.214937
43	662181807													0.163625	0.061449	0.142373	-0.215277	-0.190779	-0.957736	0.020747	-0.981404	0.190830	-0.976333	0.021211	0.215232
44	662198474													0.137423	0.011556	0.170471	-0.216075	-0.191064	-0.957500	0.018159	-0.981283	0.191712	-0.976208	0.024037	0.215501
45	662215141													0.132470	0.032182	0.061170	-0.217084	-0.191306	-0.957223	0.015690	-0.981165	0.192532	-0.976027	0.026777	0.215997
46	662231808													0.184564	0.028590	0.103877	-0.217965	-0.191243	-0.957036	0.013142	-0.981099	0.193059	-0.975868	0.029503	0.216359
47	662248475													0.202526	0.004093	0.114796	-0.218901	-0.191068	-0.956857	0.010574	-0.981047	0.193479	-0.975690	0.032235	0.216772
48	662265142													0.225268	-0.005068	0.136048	-0.219877	-0.190488	-0.956749	0.007862	-0.981064	0.193522	-0.975496	0.035029	0.217211
49	662281809													0.221336	0.027742	0.141345	-0.220900	-0.189817	-0.956646	0.004916	-0.981082	0.193530	-0.975284	0.038048	0.217655
50	662298476													0.112380	0.070174	0.149497	-0.221932	-0.188873	-0.956595	0.001935	-0.981144	0.193271	-0.975060	0.041042	0.218112
51	662315143													0.021374	0.098413	0.167461	-0.222804	-0.187750	-0.956613	-0.001075	-0.981231	0.192832	-0.974863	0.043992	0.218420
52	662331810													0.018168	0.103554	0.138913	-0.223420	-0.186354	-0.956742	-0.004251	-0.981358	0.192141	-0.974713	0.046995	0.218463
53	662348477													0.040196	0.138189	0.115195	-0.223967	-0.184754	-0.956924	-0.007645	-0.981504	0.191289	-0.974567	0.050158	0.218412
54	662365144													0.031803	0.226513	0.142302	-0.224764	-0.183323	-0.957013	-0.011077	-0.981599	0.190635	-0.974350	0.053449	0.218598
55	662381811													-0.057232	0.260675	0.326616	-0.225289	-0.182328	-0.957080	-0.014338	-0.981607	0.190376	-0.974187	0.056612	0.218531
56	662398478													-0.193045	0.254105	0.310379	-0.224906	-0.181255	-0.957373	-0.017558	-0.981632	0.189973	-0.974222	0.059536	0.217593
57	662415145													-0.264687	0.280678	0.161216	-0.224139	-0.179925	-0.957804	-0.020892	-0.981697	0.189302	-0.974333	0.062440	0.216278
58	662431812													-0.233234	0.259834	0.164902	-0.223175	-0.178257	-0.958341	-0.024260	-0.981817	0.188273	-0.974477	0.065267	0.214792
59	662448479													-0.147137	0.242468	0.131041	-0.221795	-0.176868	-0.958919	-0.027535	-0.981884	0.187472	-0.974705	0.067984	0.212907
60	662465146													0.033552	0.146422	0.031333	-0.220121	-0.175928	-0.959477	-0.030733	-0.981863	0.187083	-0.974988	0.070668	0.210722
61	662481813													0.230255	0.147784	-0.019987	-0.218563	-0.175143	-0.959977	-0.033935	-0.981802	0.186851	-0.975233	0.073415	0.208642
62	662498480													0.448993	0.138680	-0.103002	-0.217231	-0.174697	-0.960360	-0.037044	-0.981670	0.186953	-0.975417	0.076188	0.206778
63	662515147													0.703304	0.073196	-0.229662	-0.216321	-0.174857	-0.960537	-0.040031	-0.981416	0.187673	-0.975501	0.079049	0.205301
64	662531814													0.813874	-0.000401	-0.129285	-0.216076	-0.175615	-0.960453	-0.042946	-0.981030	0.189039	-0.975432	0.082094	0.204435
65	662548481													0.802487	-0.042941	-0.109341	-0.216541	-0.177029	-0.960089	-0.045730	-0.980503	0.191107	-0.975202	0.085287	0.204223
66	662565148													0.809634	-0.418014	-0.052890	-0.218238	-0.179012	-0.959337	-0.048588	-0.979820	0.193888	-0.974685	0.088926	0.205136
67	662581815													0.557311	-0.752682	0.100896	-0.220947	-0.181261	-0.958294	-0.051591	-0.979029	0.197078	-0.973920	0.092983	0.206963
68	662598482													0.266287	-0.811163	0.195182	-0.223757	-0.183248	-0.957263	-0.054354	-0.978292	0.199978	-0.973128	0.096777	0.208939
69	662615149													0.077704	-0.709349	0.051223	-0.225862	-0.183931	-0.956638	-0.057012	-0.977835	0.201467	-0.972490	0.100044	0.210369
70	662631816													-0.195612	-0.393808	-0.059178	-0.227429	-0.183603	-0.956329	-0.059409	-0.977619	0.201819	-0.971981	0.102714	0.211432
71	662648483													-0.528103	-0.168024	0.228404	-0.228692	-0.182406	-0.956257	-0.061363	-0.977635	0.201159	-0.971563	0.104682	0.212384
72	662665150													-0.963138	-0.170165	0.601883	-0.228855	-0.179637	-0.956743	-0.063350	-0.977994	0.198780	-0.971397	0.106102	0.212438
73	662681817													-1.269758	0.011537	0.627218	-0.227931	-0.175944	-0.957649	-0.065722	-0.978515	0.195420	-0.971457	0.107481	0.211471
74	662698484													-1.293193	0.313437	0.518837	-0.226546	-0.173341	-0.958452	-0.068031	-0.978817	0.193104	-0.971622	0.108951	0.209954
75	662715151													-0.976201	0.345334	0.394815	-0.225141	-0.171811	-0.959058	-0.070051	-0.978928	0.191815	-0.971805	0.110368	0.208361
76	662731818													-0.623783	0.306520	0.243118	-0.223801	-0.171654	-0.959400	-0.071751	-0.978796	0.191862	-0.971990	0.111776	0.206740
77	662748485													-0.222352	0.247880	-0.048553	-0.222557	-0.173098	-0.959430	-0.072918	-0.978400	0.193435	-0.972189	0.113010	0.205128
78	662765152													0.129203	0.104811	-0.300559	-0.221786	-0.175391	-0.959192	-0.073477	-0.977887	0.195799	-0.972323	0.113904	0.203995
79	662781819													0.269734	-0.250941	-0.105217	-0.221628	-0.176724	-0.958984	-0.073627	-0.977601	0.197170	-0.972348	0.114306	0.203652
80	662798486													0.280603	-0.751876	0.154392	-0.221480	-0.175408	-0.959259	-0.074038	-0.977825	0.195897	-0.972350	0.114409	0.203582
81	662815153													0.312439	-1.236521	0.283760	-0.221662	-0.172004	-0.959833	-0.075115	-0.978383	0.192675	-0.972226	0.114807	0.203951
82	662831820													0.385883	-1.568409	0.267694	-0.222069	-0.168143	-0.960424	-0.076672	-0.978957	0.189116	-0.972012	0.115634	0.204504
83	662848487													0.483231	-1.507070	0.141625	-0.222350	-0.164548	-0.960981	-0.078060	-0.979486	0.185778	-0.971837	0.116322	0.204944
84	662865154													0.634370	-1.325486	0.079947	-0.222146	-0.161104	-0.961611	-0.078744	-0.980069	0.182387	-0.971828	0.116237	0.205033
85	662881821													0.736496	-1.107910	-0.016574	-0.221526	-0.156543	-0.962508	-0.078883	-0.980919	0.177692	-0.971959	0.115289	0.204950
86	662898488													0.657960	-0.779942	0.005769	-0.220915	-0.150258	-0.963649	-0.078949	-0.982063	0.171229	-0.972092	0.113906	0.205090
87	662915155													0.462294	-0.354730	0.125687	-0.220531	-0.142562	-0.964905	-0.079180	-0.983379	0.163388	-0.972161	0.112433	0.205577
88	662931822													0.281514	0.021797	0.199059	-0.220432	-0.134161	-0.966132	-0.079771	-0.984698	0.154940	-0.972135	0.111222	0.206357
89	662948489													0.057898	0.376229	0.143517	-0.220581	-0.126158	-0.967175	-0.080622	-0.985848	0.146981	-0.972031	0.110397	0.207288
90	662965156													-0.065051	0.624761	-0.002427	-0.221169	-0.119888	-0.967838	-0.081437	-0.986679	0.140831	-0.971829	0.109965	0.208460
91	662981823													-0.059144	0.820244	-0.080537	-0.222761	-0.115661	-0.967988	-0.081945	-0.987201	0.136815	-0.971423	0.109799	0.210432
92	662998490													0.054461	0.841642	0.013103	-0.225906	-0.114405	-0.967408	-0.082044	-0.987317	0.135918	-0.970688	0.110075	0.213655
93	663015157													0.007132	0.692495	0.238396	-0.229740	-0.115880	-0.966329	-0.081976	-0.987054	0.137854	-0.969793	0.110887	0.217267
94	663031824													-0.243662	0.385616	0.237768	-0.233739	-0.120500	-0.964803	-0.081494	-0.986371	0.142937	-0.968878	0.112035	0.220734
95	663048491													-0.445793	0.190375	0.069152	-0.237029	-0.126521	-0.963229	-0.080961	-0.985462	0.149364	-0.968123	0.113388	0.223340
96	663065158													-0.356125	0.042934	-0.040252	-0.240071	-0.133178	-0.961577	-0.080162	-0.984442	0.156358	-0.967440	0.114619	0.225661
97	663081825													-0.270800	-0.129405	0.142789	-0.243482	-0.139158	-0.959871	-0.079032	-0.983516	0.162633	-0.966680	0.115459	0.228470
98	663098492													-0.210809	-0.196061	0.559694	-0.246589	-0.143213	-0.958480	-0.077944	-0.982886	0.166913	-0.965981	0.115867	0.231206
99	663115159													-0.266726	-0.095203	0.558477	-0.249063	-0.145258	-0.957532	-0.077298	-0.982553	0.169160	-0.965398	0.116147	0.233490
100	663131826													-0.362350	0.122586	0.386945	-0.251250	-0.146431	-0.956782	-0.076956	-0.982339	0.170551	-0.964858	0.116481	0.235544
101	663148493													-0.454774	0.331271	0.278500	-0.253123	-0.147527	-0.956120	-0.076809	-0.982120	0.171873	-0.964380	0.116943	0.237266
102	663165160													-0.425753	0.674106	0.061454	-0.255212	-0.148817	-0.955364	-0.076772	-0.981846	0.173451	-0.963832	0.117612	0.239154
103	663181827													-0.259861	0.933361	-0.075734	-0.258098	-0.150758	-0.954284	-0.076671	-0.981438	0.175784	-0.963072	0.118536	0.241749
104	663198494													-0.255178	1.198337	-0.151580	-0.261413	-0.153823	-0.952891	-0.076147	-0.980856	0.179228	-0.962219	0.119412	0.244695
105	663215161													-0.258989	1.176338	-0.018332	-0.264907	-0.158033	-0.951236	-0.075108	-0.980100	0.183745	-0.961344	0.120121	0.247766
106	663231828													-0.466699	0.944329	0.118919	-0.268529	-0.162722	-0.949428	-0.074021	-0.979229	0.188764	-0.960423	0.120966	0.250907
107	663248495													-0.785163	0.518455	0.244972	-0.273145	-0.168143	-0.947164	-0.073012	-0.978142	0.194698	-0.959198	0.122335	0.254898
108	663265162													-1.146544	-0.011604	0.613397	-0.278697	-0.173803	-0.944521	-0.072290	-0.976901	0.201092	-0.957654	0.124324	0.259695
109	663281829													-1.344767	-0.311082	0.713480	-0.283627	-0.179314	-0.942020	-0.072182	-0.975582	0.207435	-0.956214	0.126831	0.263758
110	663298496													-1.557000	0.043070	0.240223	-0.287406	-0.186607	-0.939455	-0.071941	-0.973861	0.215450	-0.955103	0.129507	0.266469
111	663315163													-1.401974	0.355235	0.162397	-0.291197	-0.195934	-0.936384	-0.070701	-0.971718	0.225314	-0.954047	0.131814	0.269108
112	663331830													-1.478567	0.134636	0.370684	-0.294035	-0.205247	-0.933497	-0.068947	-0.969572	0.234895	-0.953305	0.133429	0.270937
113	663348497													-1.257996	-0.049657	0.296523	-0.294665	-0.213905	-0.931353	-0.067076	-0.967591	0.243449	-0.953244	0.134207	0.270767
114	663365164													-0.810305	0.014060	0.084224	-0.293997	-0.222524	-0.929542	-0.064805	-0.965643	0.251663	-0.953607	0.134227	0.269476
115	663381831													-0.425974	0.287679	-0.107320	-0.292212	-0.232048	-0.927775	-0.061678	-0.963524	0.260416	-0.954362	0.133320	0.267242
116	663398498													-0.058083	0.573486	-0.146045	-0.289666	-0.242382	-0.925929	-0.057430	-0.961259	0.269597	-0.955403	0.131269	0.264524
117	663415165													0.196733	0.657623	0.037186	-0.286868	-0.252893	-0.923987	-0.052381	-0.958942	0.278722	-0.956537	0.128356	0.261843
118	663431832													0.369928	0.437547	0.187485	-0.284338	-0.262378	-0.922122	-0.047421	-0.956796	0.286866	-0.957551	0.125295	0.259611
119	663448499													0.382866	0.237795	0.266035	-0.282143	-0.269901	-0.920624	-0.043158	-0.955069	0.293226	-0.958401	0.122464	0.257818
120	663465166													0.472303	0.123937	0.341688	-0.280165	-0.275586	-0.919543	-0.039535	-0.953780	0.297893	-0.959137	0.119813	0.256321
121	663481833													0.631540	0.044902	0.485036	-0.278261	-0.280086	-0.918761	-0.036107	-0.952813	0.301403	-0.959827	0.117042	0.255017
122	663498500													0.800480	-0.076197	0.556166	-0.276230	-0.284209	-0.918108	-0.032515	-0.951966	0.304473	-0.960541	0.113956	0.253721
123	663515167													0.970486	-0.220571	0.564770	-0.274016	-0.288407	-0.917462	-0.028503	-0.951121	0.307501	-0.961303	0.110411	0.252402
124	663531834													1.028520	-0.286302	0.448582	-0.271491	-0.292982	-0.916763	-0.023826	-0.950201	0.310724	-0.962146	0.106202	0.250991
125	663548501													1.023175	-0.306344	0.343268	-0.268714	-0.297683	-0.916066	-0.018484	-0.949277	0.313897	-0.963043	0.101281	0.249582
126	663565168													0.990226	-0.339678	0.228676	-0.265883	-0.301465	-0.915655	-0.012867	-0.948650	0.316065	-0.963919	0.095818	0.248351
127	663581835													0.908727	-0.382202	0.248756	-0.263413	-0.303942	-0.915551	-0.007346	-0.948409	0.316963	-0.964655	0.090218	0.247591
128	663598502													0.806397	-0.385955	0.249292	-0.261003	-0.304996	-0.915890	-0.002228	-0.948584	0.316518	-0.965335	0.084653	0.246904
129	663615169													0.850162	-0.366500	0.109563	-0.258623	-0.305262	-0.916477	0.002374	-0.948953	0.315409	-0.965975	0.079396	0.246146
130	663631836													0.942489	-0.226092	-0.089492	-0.256707	-0.305344	-0.916988	0.006539	-0.949309	0.314276	-0.966467	0.074681	0.245690
131	663648503													0.970410	-0.038483	-0.238384	-0.255299	-0.305732	-0.917251	0.010589	-0.949516	0.313540	-0.966804	0.070334	0.245648
132	663665170													0.970251	0.133848	-0.408694	-0.254259	-0.306737	-0.917205	0.014695	-0.949488	0.313460	-0.967024	0.066222	0.245923
133	663681837													0.892720	0.254657	-0.380274	-0.253974	-0.308291	-0.916763	0.019051	-0.949252	0.313939	-0.967023	0.062267	0.246959
134	663698504													0.690726	0.253703	-0.119272	-0.254121	-0.309981	-0.916152	0.023683	-0.948958	0.314511	-0.966882	0.058227	0.248492
135	663715171													0.358088	0.077645	0.061366	-0.253876	-0.311093	-0.915843	0.028291	-0.948848	0.314462	-0.966823	0.053924	0.249690
136	663731838													-0.089200	-0.042843	0.067164	-0.252887	-0.311720	-0.915903	0.032884	-0.948896	0.313870	-0.966937	0.049255	0.250214
137	663748505													-0.479455	-0.058723	0.060281	-0.251233	-0.311266	-0.916513	0.037596	-0.949306	0.312097	-0.967196	0.043952	0.250199
138	663765172													-0.855527	-0.031417	0.103929	-0.248405	-0.309499	-0.917881	0.042705	-0.950159	0.308826	-0.967715	0.037516	0.249241
139	663781839													-1.183400	0.023320	0.277182	-0.243924	-0.306027	-0.920244	0.048236	-0.951560	0.303656	-0.968594	0.029680	0.246870
140	663798506													-1.501191	0.236771	0.456615	-0.237555	-0.300197	-0.923823	0.054026	-0.953659	0.296000	-0.969871	0.020406	0.242765
141	663815173													-1.841698	0.493254	0.553209	-0.229070	-0.292207	-0.928516	0.059799	-0.956303	0.286198	-0.971571	0.010035	0.236534
142	663831840													-2.397615	0.803890	0.569088	-0.217356	-0.282073	-0.934447	0.065676	-0.959391	0.274326	-0.973880	-0.001744	0.227055
143	663848507													-3.001701	1.075033	0.403124	-0.200950	-0.268468	-0.942095	0.071764	-0.963163	0.259165	-0.976969	-0.015530	0.212814
144	663865174													-3.185782	1.138380	0.151984	-0.180259	-0.246612	-0.952202	0.077220	-0.968620	0.236246	-0.980583	-0.030944	0.193646
145	663881841													-3.490736	1.215692	0.115947	-0.156897	-0.215602	-0.963794	0.082047	-0.975353	0.204831	-0.984201	-0.046939	0.170720
146	663898508													-3.788317	1.599448	0.219585	-0.131895	-0.183552	-0.974121	0.088469	-0.980965	0.172863	-0.987308	-0.063380	0.145623
147	663915175													-3.822754	1.412228	0.554516	-0.106299	-0.155224	-0.982144	0.097084	-0.984641	0.145111	-0.989583	-0.079926	0.119736
148	663931842													-3.404734	0.788287	1.052698	-0.081668	-0.130240	-0.988113	0.106456	-0.986893	0.121280	-0.990958	-0.095285	0.094463
149	663948509													-2.735578	0.072212	1.684073	-0.057148	-0.108590	-0.992443	0.115523	-0.988109	0.101463	-0.991659	-0.108851	0.069013
150	663965176													-1.943846	-0.409995	1.846442	-0.033096	-0.092191	-0.995191	0.124513	-0.988360	0.087417	-0.991666	-0.121021	0.044190
151	663981843													-0.635687	-1.174597	2.159563	-0.010832	-0.080658	-0.996683	0.131823	-0.988157	0.078535	-0.991214	-0.130535	0.021337
152	663998510													0.300627	-1.483281	2.184791	0.011010	-0.072814	-0.997285	0.136949	-0.987837	0.073636	-0.990517	-0.137387	-0.000904
153	664015177													0.943901	-1.596684	1.930913	0.033993	-0.067686	-0.997127	0.139738	-0.987582	0.071802	-0.989605	-0.141777	-0.024113
154	664031844													1.401736	-1.891815	1.257947	0.057201	-0.065106	-0.996238	0.140611	-0.987399	0.072602	-0.988411	-0.144234	-0.047326
155	664048511													1.424078	-2.219201	1.026547	0.079931	-0.062695	-0.994827	0.141421	-0.987211	0.073577	-0.986717	-0.146570	-0.070042
156	664065178													2.190361	-2.166708	1.185362	0.106037	-0.057454	-0.992701	0.142832	-0.987096	0.072386	-0.984050	-0.149465	-0.096462
157	664081845													2.922068	-2.333700	0.560346	0.134523	-0.049388	-0.989679	0.143855	-0.987203	0.068818	-0.980413	-0.151628	-0.125697
158	664098512													3.088154	-1.848317	0.117912	0.162014	-0.036321	-0.986120	0.145167	-0.987573	0.060224	-0.976052	-0.152909	-0.154728
159	664115179													2.597168	-1.503848	-0.424836	0.188165	-0.018463	-0.981964	0.147307	-0.987983	0.046803	-0.971028	-0.153457	-0.183184
160	664131846													2.170307	-1.482680	-0.628336	0.212325	0.004323	-0.977190	0.150989	-0.988126	0.028436	-0.965464	-0.153582	-0.210457
161	664148513													1.974966	-1.401494	-0.644934	0.234041	0.030488	-0.971748	0.154944	-0.987903	0.006323	-0.959800	-0.152047	-0.235934
162	664165180													2.265207	-1.077266	-0.689384	0.253505	0.058836	-0.965543	0.158255	-0.987223	-0.018606	-0.954301	-0.148085	-0.259577
163	664181847													2.555065	-0.786869	-1.290181	0.272357	0.088476	-0.958120	0.161963	-0.985771	-0.044989	-0.948467	-0.142927	-0.282812
164	664198514													2.821324	-0.510539	-1.737262	0.289029	0.118912	-0.949906	0.167016	-0.983302	-0.072274	-0.942639	-0.137760	-0.304063
165	664215181													2.692739	0.248564	-2.069051	0.302216	0.146634	-0.941894	0.172615	-0.980181	-0.097210	-0.937480	-0.133207	-0.321538
166	664231848													2.334133	1.054844	-2.020087	0.311507	0.168225	-0.935235	0.177508	-0.977182	-0.116646	-0.933517	-0.129676	-0.334260
167	664248515													2.065016	1.650249	-1.861403	0.319244	0.182026	-0.930027	0.180503	-0.975093	-0.128886	-0.930324	-0.126727	-0.344148
168	664265182													1.734822	1.836885	-1.817684	0.326109	0.190090	-0.926023	0.181581	-0.973929	-0.135978	-0.927729	-0.123804	-0.352123
169	664281849													1.627277	1.738563	-1.932117	0.332572	0.194593	-0.922784	0.180755	-0.973493	-0.140142	-0.925594	-0.120191	-0.358930
170	664298516													1.404418	1.641015	-2.126729	0.338325	0.196758	-0.920229	0.178198	-0.973599	-0.142655	-0.924003	-0.115719	-0.364455
171	664315183													1.168032	1.378102	-2.283203	0.342475	0.195883	-0.918880	0.173298	-0.974413	-0.143132	-0.923406	-0.110221	-0.367658
172	664331850													1.146089	0.868766	-2.273414	0.344192	0.190504	-0.919369	0.164525	-0.976286	-0.140703	-0.924372	-0.102830	-0.367373
173	664348517													1.045392	0.797313	-2.271730	0.342772	0.181137	-0.921790	0.152202	-0.978979	-0.135778	-0.927007	-0.093757	-0.363135
174	664365184													1.078416	0.706669	-2.187149	0.338802	0.168641	-0.925620	0.137144	-0.982149	-0.128742	-0.930808	-0.083325	-0.355883
175	664381851													0.919207	0.405586	-2.114263	0.333091	0.156830	-0.929761	0.121641	-0.984978	-0.122565	-0.935016	-0.072272	-0.347164
176	664398518													0.409380	0.006834	-1.655349	0.326860	0.149358	-0.933196	0.108532	-0.986832	-0.119929	-0.938820	-0.062082	-0.338766
177	664415185													0.152488	-0.239478	-0.739572	0.320674	0.149111	-0.935379	0.099940	-0.987345	-0.123133	-0.941903	-0.053996	-0.331518
178	664431852													-0.067584	-0.173817	0.777388	0.316701	0.158937	-0.935115	0.097018	-0.986119	-0.134748	-0.943551	-0.048048	-0.327725
179	664448519													-1.097709	0.325008	2.139211	0.315094	0.177234	-0.932365	0.098185	-0.983224	-0.153720	-0.943968	-0.043108	-0.327209
180	664465186													-3.084845	1.051663	3.154633	0.315209	0.196546	-0.928447	0.100317	-0.979739	-0.173346	-0.943705	-0.038499	-0.328539
181	664481853													-4.698520	1.297313	3.815148	0.316733	0.211635	-0.924603	0.102008	-0.976737	-0.188624	-0.943013	-0.034574	-0.330954
182	664498520													-4.899651	0.921431	3.167815	0.320592	0.225580	-0.919964	0.104178	-0.973733	-0.202460	-0.941471	-0.030933	-0.335672
183	664515187													-3.977527	0.985315	1.682618	0.321057	0.241730	-0.915690	0.106705	-0.969953	-0.218642	-0.941029	-0.027512	-0.337204
184	664531854													-2.125363	1.456214	0.440620	0.316382	0.255912	-0.913461	0.107705	-0.966389	-0.233436	-0.942498	-0.024529	-0.333311
185	664548521													0.319467	1.716921	-0.828786	0.308712	0.262832	-0.914121	0.105264	-0.964600	-0.241796	-0.945313	-0.021579	-0.325451
186	664565188													2.337087	4.126817	-1.094965	0.296929	0.264861	-0.917432	0.103174	-0.964037	-0.244923	-0.949309	-0.021930	-0.313578
187	664581855													2.746023	7.196665	1.975401	0.285554	0.261884	-0.921887	0.104278	-0.964719	-0.241752	-0.952672	-0.027099	-0.302788
188	664598522													0.587040	4.401472	5.315871	0.286669	0.261696	-0.921594	0.113434	-0.964473	-0.238588	-0.951290	-0.036145	-0.306170
189	664615189													-6.849367	-3.730912	5.506140	0.301363	0.285437	-0.909783	0.124661	-0.957747	-0.259192	-0.945325	-0.035304	-0.324213
190	664631856													2.316286	-1.668042	1.204191	0.276595	0.301748	-0.912383	0.121745	-0.952777	-0.278199	-0.953244	-0.034130	-0.300270
191	664648523													7.273252	2.230771	0.810663	0.267999	0.296123	-0.916781	0.110021	-0.954773	-0.276232	-0.957116	-0.026835	-0.288458
192	664665190													5.926868	1.368079	-4.496813	0.269898	0.265521	-0.925556	0.091138	-0.963957	-0.249961	-0.958566	-0.016889	-0.284369
193	664681857													3.027900	0.559758	-4.540745	0.257650	0.235131	-0.937193	0.069742	-0.971935	-0.224674	-0.963718	-0.007474	-0.266818
194	664698524													3.791698	0.156878	-2.859294	0.242343	0.207807	-0.947674	0.050787	-0.978170	-0.201507	-0.968861	0.000704	-0.247606
195	664715191													4.112374	-0.938345	-1.400075	0.228308	0.185033	-0.955844	0.036372	-0.982710	-0.181546	-0.972909	0.006682	-0.231090
196	664731858													3.845021	-1.576144	0.207927	0.210465	0.170751	-0.962574	0.023399	-0.985226	-0.169654	-0.977321	0.013183	-0.211351
197	664748525													3.363337	-1.149845	0.957707	0.194326	0.159938	-0.967810	0.010644	-0.986904	-0.160956	-0.980879	0.020977	-0.193484
198	664765192													2.566999	-0.887664	0.505610	0.182253	0.155637	-0.970856	0.001111	-0.987425	-0.158085	-0.983251	0.027733	-0.180134
199	664781859													2.084226	-0.892644	-0.279888	0.171004	0.155080	-0.972989	-0.005235	-0.987378	-0.158293	-0.985256	0.032162	-0.168034
200	664798526													1.578665	-1.073076	-0.845708	0.158699	0.153812	-0.975273	-0.010650	-0.987467	-0.157468	-0.987270	0.035377	-0.155072
201	664815193													1.555214	-1.407784	-0.693552	0.145467	0.153542	-0.977376	-0.015216	-0.987420	-0.157385	-0.989246	0.037766	-0.141301
202	664831860													1.360646	-1.123870	-0.246818	0.131130	0.155255	-0.979133	-0.020520	-0.987024	-0.159255	-0.991153	0.040975	-0.126242
203	664848527													1.356836	-0.439726	0.475523	0.116488	0.156069	-0.980853	-0.025932	-0.986762	-0.160088	-0.992853	0.044084	-0.110899
204	664865194													1.178309	0.270302	0.448713	0.102526	0.153234	-0.982857	-0.030523	-0.987114	-0.157081	-0.994262	0.046104	-0.096527
205	664881861													1.364430	0.292159	-0.070540	0.088783	0.147179	-0.985117	-0.033840	-0.988006	-0.150660	-0.995476	0.046713	-0.082737
206	664898528													1.539305	-0.030351	-0.648574	0.074549	0.140510	-0.987269	-0.036519	-0.988975	-0.143510	-0.996548	0.046753	-0.068596
207	664915195													1.595731	-0.493935	-0.521339	0.059197	0.134613	-0.989128	-0.039588	-0.989770	-0.137069	-0.997461	0.047272	-0.053263
208	664931862													1.260097	-0.513632	-0.156666	0.043369	0.130723	-0.990470	-0.043557	-0.990213	-0.132596	-0.998109	0.048892	-0.037250
209	664948529													0.717628	0.041770	0.149999	0.027921	0.127249	-0.991478	-0.047761	-0.990562	-0.128476	-0.998468	0.050942	-0.021580
210	664965196													0.558981	0.602881	0.109577	0.013311	0.119936	-0.992692	-0.051724	-0.991369	-0.120470	-0.998573	0.052950	-0.006993
211	664981863													0.688499	0.990261	-0.306174	-0.001115	0.108222	-0.994126	-0.055449	-0.992604	-0.107994	-0.998461	0.055003	0.007108
212	664998530													0.659506	1.344184	-0.665305	-0.015503	0.094600	-0.995395	-0.058347	-0.993903	-0.093550	-0.998176	0.056628	0.020928
213	665015197													0.174226	1.156172	-0.610862	-0.029442	0.079970	-0.996362	-0.059872	-0.995146	-0.078103	-0.997772	0.057354	0.034087
214	665031864													-0.196518	0.401512	-0.123023	-0.043173	0.065190	-0.996939	-0.060572	-0.996204	-0.062518	-0.997230	0.057687	0.046958
215	665048531													-0.216939	-0.304035	0.371281	-0.057103	0.051232	-0.997053	-0.061350	-0.996975	-0.047714	-0.996482	0.058444	0.060073
216	665065198													-0.135024	-0.526875	0.408893	-0.071895	0.038486	-0.996669	-0.062552	-0.997462	-0.034004	-0.995449	0.059899	0.074120
217	665081865													-0.059986	-0.566394	0.188137	-0.087410	0.027655	-0.995788	-0.063739	-0.997722	-0.022114	-0.994131	0.061538	0.088973
218	665098532													0.007022	-0.280939	0.098392	-0.102120	0.020595	-0.994559	-0.064876	-0.997795	-0.014000	-0.992654	0.063094	0.103231
219	665115199													-0.120121	-0.111227	-0.260972	-0.117205	0.014925	-0.992996	-0.065574	-0.997821	-0.007257	-0.990940	0.064264	0.117929
220	665131866													-0.246845	0.031131	-0.367781	-0.133278	0.010422	-0.991024	-0.065803	-0.997831	-0.001644	-0.988892	0.064993	0.133675
221	665148533													-0.174977	0.092471	-0.455651	-0.150956	0.006543	-0.988519	-0.065919	-0.997819	0.003462	-0.986340	0.065685	0.151058
222	665165200													-0.314400	0.370733	-0.392313	-0.170855	0.002648	-0.985293	-0.066004	-0.997781	0.008763	-0.983083	0.066530	0.170651
223	665181867													-0.769945	0.357318	-0.152560	-0.193777	-0.002958	-0.981041	-0.065985	-0.997692	0.016042	-0.978824	0.067843	0.193135
224	665198534													-1.015645	-0.194946	0.449438	-0.218812	-0.009163	-0.975724	-0.066633	-0.997481	0.024311	-0.973489	0.070335	0.217650
225	665215201													-1.021089	-0.677516	0.770664	-0.242058	-0.012926	-0.970176	-0.069288	-0.997128	0.030572	-0.967785	0.074622	0.240467
226	665231868													-0.827646	-0.718472	0.513420	-0.261366	-0.014461	-0.965131	-0.073367	-0.996698	0.034802	-0.962447	0.079905	0.259442
227	665248535													-0.858591	-0.347534	-0.495337	-0.276843	-0.016635	-0.960771	-0.076829	-0.996266	0.039387	-0.957839	0.084719	0.274531
228	665265202													-1.230993	0.055878	-1.201906	-0.290966	-0.020951	-0.956504	-0.077967	-0.995916	0.045532	-0.953551	0.087824	0.288144
229	665281869													-1.938114	0.071336	-0.926863	-0.305187	-0.026967	-0.951911	-0.077219	-0.995606	0.052962	-0.949157	0.089669	0.301764
230	665298536													-2.548332	0.038650	-0.560866	-0.319593	-0.035562	-0.946887	-0.074933	-0.995217	0.062669	-0.944587	0.090982	0.315400
231	665315203													-2.869986	-0.141118	0.258143	-0.333421	-0.045743	-0.941668	-0.071859	-0.994684	0.073762	-0.940035	0.092262	0.328362
232	665331870													-2.735755	-0.610308	1.218210	-0.345478	-0.056157	-0.936745	-0.068907	-0.993995	0.085002	-0.935893	0.093914	0.339534
233	665348537													-2.462614	-0.765188	2.055744	-0.355072	-0.067374	-0.932408	-0.066418	-0.993061	0.097049	-0.932476	0.096388	0.348133
234	665365204													-2.325890	-0.015671	2.537769	-0.360683	-0.080048	-0.929247	-0.064362	-0.991799	0.110418	-0.930465	0.099634	0.352573
235	665381871													-2.365423	0.830334	2.933683	-0.363145	-0.094649	-0.926913	-0.061026	-0.990275	0.125028	-0.929732	0.101969	0.353837
236	665398538													-2.644654	1.616206	3.006437	-0.360470	-0.108337	-0.926458	-0.055603	-0.988970	0.137282	-0.931112	0.101000	0.350471
237	665415205													-2.817909	2.052064	2.443580	-0.352888	-0.119928	-0.927948	-0.047665	-0.988160	0.145836	-0.934451	0.095694	0.342993
238	665431872													-3.327720	1.807403	2.100774	-0.342384	-0.129979	-0.930526	-0.036818	-0.987768	0.151521	-0.938839	0.086138	0.333410
239	665448539													-3.892784	1.040783	1.821518	-0.328186	-0.139871	-0.934200	-0.023386	-0.987470	0.156062	-0.944324	0.073064	0.320803
240	665465206													-3.500590	1.031502	1.750442	-0.307096	-0.146093	-0.940398	-0.009370	-0.987635	0.156491	-0.951632	0.056869	0.301930
241	665481873													-2.219020	2.609173	0.595793	-0.280099	-0.140892	-0.949576	0.002353	-0.989269	0.146088	-0.959968	0.038685	0.277425
242	665498540													-2.163344	2.911328	0.162214	-0.249904	-0.129656	-0.959551	0.012818	-0.991350	0.130614	-0.968186	0.020342	0.249405
243	665515207													-3.293645	2.279411	-0.497345	-0.215760	-0.111390	-0.970072	0.023642	-0.993777	0.108853	-0.976160	0.000552	0.217050
244	665531874													-3.185871	0.720279	0.232717	-0.179762	-0.094858	-0.979126	0.036527	-0.995297	0.089718	-0.983032	-0.019636	0.182382
245	665548541													-1.045547	-0.233780	1.533860	-0.145916	-0.089722	-0.985220	0.052073	-0.995195	0.082918	-0.987926	-0.039205	0.149887
246	665565208													1.615409	0.056602	2.635403	-0.111600	-0.094603	-0.989240	0.069094	-0.993788	0.087244	-0.991348	-0.058614	0.117444
247	665581875													3.908817	0.504942	3.001987	-0.077456	-0.104018	-0.991555	0.083608	-0.991717	0.097504	-0.993484	-0.075350	0.085511
248	665598542													4.352854	0.453236	2.593185	-0.043064	-0.113710	-0.992580	0.093408	-0.989608	0.109317	-0.994696	-0.088007	0.053238
249	665615209													3.817413	-0.603128	1.902954	-0.009577	-0.122767	-0.992389	0.098420	-0.987732	0.121241	-0.995099	-0.096510	0.021542
250	665631876													2.946939	-2.122655	1.779495	0.024101	-0.130026	-0.991218	0.098400	-0.986382	0.131784	-0.994855	-0.100712	-0.010979
251	665648543													2.625581	-2.992224	1.659097	0.059168	-0.133197	-0.989322	0.094906	-0.985818	0.138401	-0.993726	-0.102081	-0.045688
252	665665210													2.841813	-3.701764	1.901365	0.095205	-0.128917	-0.987075	0.090375	-0.986364	0.137541	-0.991347	-0.102301	-0.082256
253	665681877													2.969587	-4.071970	1.148847	0.132186	-0.119794	-0.983960	0.085682	-0.987574	0.131745	-0.987515	-0.101723	-0.120279
254	665698544													3.500425	-3.693318	0.190821	0.165998	-0.104298	-0.980595	0.083315	-0.989352	0.119333	-0.982600	-0.101508	-0.155541
255	665715211													4.202045	-2.771584	-0.661828	0.198427	-0.085103	-0.976414	0.083642	-0.991119	0.103382	-0.976540	-0.102183	-0.189547
256	665731878													4.397722	-2.224833	-1.388771	0.230471	-0.061533	-0.971132	0.085111	-0.992899	0.083112	-0.969350	-0.101809	-0.223597
257	665748545													4.637604	-2.086593	-2.035614	0.259451	-0.034086	-0.965155	0.086491	-0.994541	0.058374	-0.961876	-0.098623	-0.255086
258	665765212													5.080501	-1.747865	-3.009348	0.285537	-0.000172	-0.958368	0.090134	-0.995563	0.027033	-0.954120	-0.094101	-0.284255
259	665781879													4.840084	-0.589015	-4.056235	0.309020	0.040943	-0.950174	0.098597	-0.995069	-0.010812	-0.945931	-0.090343	-0.311533
260	665798546													3.695245	0.490995	-4.644286	0.327323	0.082532	-0.941301	0.111331	-0.992608	-0.048317	-0.938331	-0.088981	-0.334092
261	665815213													2.706520	1.045439	-4.544261	0.339002	0.117601	-0.933406	0.124429	-0.989045	-0.079419	-0.932521	-0.089220	-0.349921
262	665831880													2.116348	1.588393	-4.007437	0.345309	0.142607	-0.927591	0.133973	-0.985755	-0.101676	-0.928877	-0.089162	-0.359496
263	665848547													1.760932	1.638649	-3.385144	0.348971	0.156005	-0.924057	0.137935	-0.983858	-0.114009	-0.926927	-0.087674	-0.364856
264	665865214													1.279160	1.847634	-2.662059	0.352506	0.158388	-0.922309	0.136350	-0.983748	-0.116826	-0.925823	-0.084575	-0.368373
265	665881881													1.128572	1.604041	-2.146990	0.356417	0.151333	-0.921990	0.128340	-0.985372	-0.112123	-0.925471	-0.078366	-0.370625
266	665898548													1.294225	1.179882	-1.698434	0.359115	0.138929	-0.922895	0.113510	-0.988019	-0.104564	-0.926365	-0.067208	-0.370582
267	665915215													1.750773	0.556516	-1.766637	0.361076	0.125063	-0.924112	0.094233	-0.990787	-0.097267	-0.927763	-0.051961	-0.369534
268	665931882													1.999337	0.282120	-1.995452	0.361594	0.114235	-0.925311	0.074828	-0.992819	-0.093328	-0.929328	-0.035493	-0.367545
269	665948549													1.573607	-0.283571	-1.707115	0.360457	0.108287	-0.926469	0.057775	-0.993923	-0.093693	-0.930985	-0.019755	-0.364523
270	665965216													0.499044	-0.780094	-0.854084	0.359390	0.107949	-0.926923	0.044817	-0.994137	-0.098400	-0.932111	-0.006178	-0.362121
271	665981883													-0.810349	-0.732280	0.235586	0.359291	0.115025	-0.926110	0.037708	-0.993354	-0.108747	-0.932464	0.004150	-0.361240
272	665998550													-2.029230	-0.121390	1.392162	0.359018	0.128496	-0.924443	0.036016	-0.991647	-0.123850	-0.932636	0.011170	-0.360647
273	666015217													-2.946021	1.672979	2.472631	0.358636	0.146997	-0.921831	0.038679	-0.989015	-0.142662	-0.932676	0.015508	-0.360383
274	666031884													-3.587500	3.441188	3.541997	0.358908	0.168306	-0.918073	0.044422	-0.985573	-0.163314	-0.932315	0.017832	-0.361207
275	666048551													-3.752595	2.901199	3.593492	0.360958	0.189290	-0.913170	0.052608	-0.981758	-0.182713	-0.931097	0.017911	-0.364331
276	666065218													-3.176061	1.702285	2.329281	0.364098	0.213551	-0.906548	0.063919	-0.976793	-0.204427	-0.929165	0.016486	-0.369298
277	666081885													-2.104921	2.006292	0.634411	0.362560	0.241194	-0.900209	0.076794	-0.970377	-0.229066	-0.928791	0.013920	-0.370342
278	666098552													-0.180318	2.034443	-0.658705	0.357004	0.264452	-0.895887	0.086321	-0.964324	-0.250256	-0.930106	0.012008	-0.367095
279	666115219													2.239621	2.225269	-1.235827	0.349368	0.283194	-0.893165	0.092749	-0.959003	-0.267790	-0.932384	0.010717	-0.361311
280	666131886													3.397129	5.138150	0.404008	0.338698	0.296137	-0.893077	0.097931	-0.955118	-0.279569	-0.935785	0.007230	-0.352498
281	666148553													3.338080	6.950540	4.662250	0.332660	0.298042	-0.894712	0.102036	-0.954551	-0.280037	-0.937511	0.001864	-0.347952
