// Start Time: Unknown
// Update Rate: 100.0Hz
//Filter Profile: human (46.1)
// Option Flags: AHS Disabled ICC Disabled
// Firmware Version: 4.0.2
PacketCounter	SampleTimeFine	Year	Month	Day	Second	UTC_Nano	UTC_Year	UTC_Month	UTC_Day	UTC_Hour	UTC_Minute	UTC_Second	UTC_Valid	Acc_X	Acc_Y	Acc_Z	Mat[1][1]	Mat[1][2]	Mat[1][3]	Mat[2][1]	Mat[2][2]	Mat[2][3]	Mat[3][1]	Mat[3][2]	Mat[3][3]
1	1040424495													-0.358732	0.287804	-0.348111	0.183913	0.982513	0.029074	0.162798	-0.001277	-0.986659	-0.969367	0.186192	-0.160186
2	1040441162													-0.533850	-0.133412	-0.662376	0.188502	0.981304	0.038841	0.163159	0.007708	-0.986570	-0.968425	0.192308	-0.158656
3	1040457829													-0.500320	0.565448	-0.837430	0.185270	0.981665	0.044823	0.162745	0.014332	-0.986564	-0.969118	0.190075	-0.157105
4	1040474496													-0.055303	1.662777	-0.886578	0.176987	0.983070	0.047420	0.161910	0.018442	-0.986633	-0.970804	0.182299	-0.155904
5	1040491163													0.837929	2.096832	-0.046095	0.166701	0.984895	0.046824	0.160906	0.019679	-0.986774	-0.972790	0.172031	-0.155195
6	1040507830													1.418301	1.590843	2.075514	0.159493	0.986049	0.047634	0.158866	0.021986	-0.987055	-0.974332	0.164996	-0.153143
7	1040524497													-0.099460	1.778886	5.301827	0.146673	0.987979	0.048822	0.151639	0.026315	-0.988086	-0.977493	0.152329	-0.145957
8	1040541164													-1.765007	3.892386	6.327169	0.128295	0.990508	0.049341	0.139572	0.031223	-0.989720	-0.981866	0.133862	-0.134241
9	1040557831													-0.385829	3.905200	4.331100	0.148096	0.987985	0.044184	0.127079	0.025295	-0.991570	-0.980774	0.152463	-0.121806
10	1040574498													-1.399152	-2.551967	1.988073	0.188373	0.981472	0.035042	0.115101	0.013372	-0.993264	-0.975329	0.191138	-0.110450
11	1040591165													-0.908051	-6.128750	-0.980298	0.197794	0.980031	0.020430	0.104859	-0.000432	-0.994487	-0.974619	0.198846	-0.102851
12	1040607832													-0.563528	-3.516559	-3.128526	0.174010	0.984732	0.004901	0.098587	-0.012469	-0.995050	-0.979797	0.173632	-0.099251
13	1040624499													0.269720	-0.664247	-3.156108	0.150152	0.988632	-0.007809	0.095312	-0.022336	-0.995197	-0.984058	0.148686	-0.097583
14	1040641166													0.914024	-2.246635	-1.956241	0.147086	0.989011	-0.014951	0.092338	-0.028779	-0.995312	-0.984804	0.145016	-0.095556
15	1040657833													1.120921	-4.501263	-2.087323	0.156207	0.987575	-0.017201	0.087297	-0.031151	-0.995695	-0.983859	0.154033	-0.091078
16	1040674500													1.282193	-4.318947	-2.075348	0.155482	0.987698	-0.016687	0.079367	-0.029328	-0.996414	-0.984645	0.153600	-0.082951
17	1040691167													1.296377	-3.475174	-0.360487	0.141462	0.989846	-0.013932	0.070634	-0.024130	-0.997210	-0.987421	0.140083	-0.073330
18	1040707834													1.157394	-2.342550	3.212951	0.120193	0.992690	-0.010977	0.064602	-0.018855	-0.997733	-0.990646	0.119211	-0.066396
19	1040724501													1.521751	-0.167240	5.004644	0.106615	0.994248	-0.010173	0.063836	-0.017055	-0.997815	-0.992249	0.105733	-0.065287
20	1040741168													0.915739	1.896988	3.657373	0.102314	0.994714	-0.008765	0.067425	-0.015726	-0.997600	-0.992464	0.101477	-0.068678
21	1040757835													-0.263350	2.548713	0.996358	0.113001	0.993573	-0.006657	0.073082	-0.014993	-0.997213	-0.990903	0.112200	-0.074306
22	1040774502													-0.867411	1.355977	-0.667236	0.124216	0.992251	-0.003033	0.080488	-0.013123	-0.996669	-0.988985	0.123558	-0.081494
23	1040791169													-1.274511	-0.649674	-0.766941	0.127744	0.991803	0.002825	0.088839	-0.008606	-0.996009	-0.987820	0.127485	-0.089211
24	1040807836													-1.425496	-1.281377	-0.770839	0.132487	0.991147	0.008682	0.096083	-0.004125	-0.995365	-0.986517	0.132707	-0.095779
25	1040824503													-1.595192	-1.113342	-1.538945	0.136034	0.990626	0.012475	0.101167	-0.001364	-0.994868	-0.985525	0.136598	-0.100405
26	1040841170													-1.501587	-0.761154	-1.631158	0.135286	0.990723	0.012896	0.104438	-0.001316	-0.994531	-0.985287	0.135893	-0.103647
27	1040857837													-0.955847	-0.644638	-1.179294	0.136731	0.990553	0.010438	0.106537	-0.004228	-0.994300	-0.984863	0.137064	-0.106108
28	1040874504													-0.572186	-0.650475	-1.478568	0.144123	0.989546	0.005115	0.107980	-0.010588	-0.994097	-0.983651	0.143825	-0.108377
29	1040891171													-0.436965	-0.378110	-2.274076	0.149939	0.988694	-0.001615	0.109429	-0.018219	-0.993828	-0.982621	0.148837	-0.110923
30	1040907838													-0.558764	0.095286	-2.694885	0.147585	0.989006	-0.009268	0.111038	-0.025880	-0.993479	-0.982797	0.145594	-0.113637
31	1040924505													-0.670113	0.197839	-2.051481	0.140445	0.989932	-0.017624	0.112652	-0.033662	-0.993064	-0.983659	0.137486	-0.116245
32	1040941172													-0.682160	0.332136	-1.257043	0.136357	0.990323	-0.025848	0.114190	-0.041630	-0.992586	-0.984057	0.132394	-0.118762
33	1040957839													-0.633835	0.612324	-1.009378	0.137146	0.989932	-0.035014	0.114990	-0.051020	-0.992056	-0.983854	0.132030	-0.120830
34	1040974506													-0.391359	0.954988	-1.024361	0.138772	0.989322	-0.044555	0.114780	-0.060755	-0.991531	-0.983650	0.132483	-0.121985
35	1040991173													-0.233408	0.990314	-0.740142	0.139560	0.988743	-0.053954	0.113207	-0.070061	-0.991098	-0.983721	0.132210	-0.121710
36	1041007840													-0.088888	0.834031	-0.501568	0.140360	0.988124	-0.062533	0.110146	-0.078350	-0.990822	-0.983955	0.132184	-0.119835
37	1041024507													0.070429	0.906716	-0.408459	0.140112	0.987672	-0.069810	0.106254	-0.085097	-0.990691	-0.984418	0.131390	-0.116867
38	1041041174													0.001700	1.145612	-0.171117	0.137449	0.987660	-0.075066	0.102316	-0.089537	-0.990714	-0.985210	0.128492	-0.113360
39	1041057841													-0.020902	1.388821	0.238063	0.135428	0.987656	-0.078706	0.098567	-0.092474	-0.990824	-0.985872	0.126428	-0.109874
40	1041074508													-0.350209	1.157215	0.629580	0.138201	0.987000	-0.082043	0.094926	-0.095657	-0.990878	-0.985845	0.129152	-0.106912
41	1041091175													-0.643856	0.660632	0.830860	0.146073	0.985565	-0.085579	0.091200	-0.099554	-0.990844	-0.985061	0.136931	-0.104426
42	1041107842													-1.000656	-0.040216	0.608216	0.157457	0.983489	-0.089199	0.087306	-0.103836	-0.990755	-0.983659	0.148213	-0.102214
43	1041124509													-1.063279	-0.426732	-0.125690	0.168249	0.981380	-0.092656	0.083771	-0.107891	-0.990627	-0.982179	0.158910	-0.100363
44	1041141176													-0.923827	-0.310732	-0.626223	0.173851	0.980045	-0.096369	0.081626	-0.111863	-0.990365	-0.981383	0.164309	-0.099445
45	1041157843													-0.886702	0.324351	-0.658781	0.174347	0.979689	-0.099061	0.081900	-0.114681	-0.990020	-0.981272	0.164494	-0.100231
46	1041174510													-1.244001	0.948984	-0.462158	0.172908	0.979711	-0.101338	0.084456	-0.117257	-0.989504	-0.981310	0.162534	-0.103017
47	1041191177													-1.156060	0.147908	0.411902	0.173110	0.979259	-0.105283	0.088526	-0.121935	-0.988582	-0.980916	0.161813	-0.107798
48	1041207844													0.457619	-0.716753	1.788425	0.173208	0.978130	-0.115151	0.097171	-0.133319	-0.986298	-0.980080	0.159645	-0.118138
49	1041224511													1.381598	1.601465	3.615122	0.140491	0.982249	-0.124292	0.115277	-0.140911	-0.983288	-0.983348	0.123815	-0.133028
50	1041241178													1.519631	4.369955	3.533959	0.115792	0.985926	-0.120589	0.133673	-0.135769	-0.981681	-0.984238	0.097551	-0.147513
51	1041257845													0.255225	2.063535	2.727730	0.134380	0.984681	-0.111112	0.145526	-0.130524	-0.980707	-0.980186	0.115618	-0.160837
52	1041274512													-0.005091	-1.015668	1.550153	0.151304	0.983549	-0.098683	0.154611	-0.122151	-0.980395	-0.976321	0.133080	-0.170549
53	1041291179													0.127448	-1.361767	0.962580	0.145233	0.984872	-0.094521	0.159665	-0.117611	-0.980140	-0.976430	0.127257	-0.174330
54	1041307846													0.034675	-0.177437	0.866617	0.132979	0.986924	-0.091096	0.161176	-0.112223	-0.980525	-0.977926	0.115706	-0.173992
55	1041324513													0.107354	0.613354	2.117742	0.118851	0.988875	-0.089442	0.161365	-0.108120	-0.980954	-0.979712	0.102155	-0.172420
56	1041341180													0.346515	-0.870171	2.617666	0.127705	0.987971	-0.087207	0.161655	-0.107485	-0.980976	-0.978549	0.111178	-0.173437
57	1041357847													0.843772	-3.025858	0.575750	0.153663	0.984542	-0.084046	0.162323	-0.109052	-0.980693	-0.974699	0.137054	-0.176571
58	1041374514													1.318492	-4.299248	-1.753277	0.168930	0.982115	-0.083142	0.164090	-0.111201	-0.980158	-0.971873	0.151935	-0.179940
59	1041391181													1.430948	-3.650288	-2.208208	0.163673	0.982941	-0.083895	0.167361	-0.111475	-0.979573	-0.972215	0.146289	-0.182751
60	1041407848													1.277074	-1.926776	-1.610842	0.152878	0.984582	-0.085005	0.171715	-0.111173	-0.978854	-0.973212	0.135049	-0.186063
61	1041424515													0.630437	-0.821757	-0.979712	0.145813	0.985716	-0.084274	0.175367	-0.109589	-0.978385	-0.973645	0.127883	-0.188842
62	1041441182													0.679706	-0.547406	-0.436460	0.143026	0.986263	-0.082638	0.176275	-0.107546	-0.978448	-0.973895	0.125376	-0.189235
63	1041457849													0.505112	-0.378996	0.349055	0.139473	0.986914	-0.080924	0.174055	-0.104884	-0.979134	-0.974809	0.122478	-0.186406
64	1041474516													0.734886	0.295717	0.452261	0.134185	0.987736	-0.079825	0.169301	-0.102220	-0.980249	-0.976387	0.118020	-0.180941
65	1041491183													1.166486	0.609852	-0.270396	0.134808	0.987811	-0.077820	0.163305	-0.099612	-0.981534	-0.977322	0.119611	-0.174743
66	1041507850													1.484373	-0.078833	-0.900991	0.139529	0.987358	-0.075203	0.157103	-0.097057	-0.982801	-0.977676	0.125314	-0.168659
67	1041524517													1.629818	-1.309798	-1.323543	0.144705	0.986795	-0.072774	0.151436	-0.094768	-0.983914	-0.977818	0.131357	-0.163150
68	1041541184													1.501183	-1.883680	-1.869632	0.146917	0.986555	-0.071589	0.146663	-0.093300	-0.984777	-0.978215	0.134181	-0.158399
69	1041557851													1.267521	-1.536150	-2.029231	0.143653	0.986947	-0.072798	0.142651	-0.093444	-0.985352	-0.979293	0.131164	-0.154213
70	1041574518													1.009550	-0.891281	-1.835052	0.138136	0.987542	-0.075355	0.139166	-0.094683	-0.985732	-0.980587	0.125678	-0.150511
71	1041591185													0.598215	-0.394564	-1.669302	0.132585	0.988169	-0.077086	0.136435	-0.095228	-0.986061	-0.981737	0.120220	-0.147447
72	1041607852													0.177582	-0.022329	-1.448910	0.125922	0.988992	-0.077710	0.134892	-0.094676	-0.986327	-0.982826	0.113718	-0.145329
73	1041624519													0.054325	0.348679	-0.918877	0.119525	0.989781	-0.077760	0.135086	-0.093806	-0.986383	-0.983598	0.107393	-0.144918
74	1041641186													0.434649	0.718669	-0.563494	0.118400	0.990088	-0.075551	0.137289	-0.091678	-0.986279	-0.983429	0.106403	-0.146783
75	1041657853													1.041509	0.917019	-0.407771	0.120960	0.990002	-0.072564	0.140989	-0.089494	-0.985958	-0.982594	0.109031	-0.150404
76	1041674520													1.532303	0.791134	-0.228237	0.127259	0.989524	-0.068171	0.145623	-0.086624	-0.985540	-0.981121	0.115492	-0.155122
77	1041691187													1.932166	0.625665	-0.252843	0.136655	0.988676	-0.062015	0.150672	-0.082618	-0.985125	-0.979093	0.125279	-0.160256
78	1041707854													2.138554	0.594487	-0.383672	0.144744	0.987980	-0.054268	0.155861	-0.076926	-0.984779	-0.977116	0.134082	-0.165123
79	1041724521													2.173136	0.579470	-0.382020	0.153875	0.987145	-0.043215	0.161137	-0.068220	-0.984571	-0.974863	0.144537	-0.169563
80	1041741188													2.002820	0.376195	-0.776943	0.166674	0.985565	-0.029691	0.166252	-0.057771	-0.984390	-0.971895	0.159136	-0.173481
81	1041757855													1.261122	-0.140218	-1.022069	0.176315	0.984228	-0.014411	0.171273	-0.045092	-0.984191	-0.969319	0.171060	-0.176522
82	1041774522													0.336994	-0.153237	-0.584006	0.174847	0.984596	-0.000234	0.175272	-0.031359	-0.984020	-0.968870	0.172012	-0.178055
83	1041791189													-0.347571	0.927840	0.376831	0.164098	0.986386	0.010728	0.177388	-0.018810	-0.983961	-0.970363	0.163369	-0.178060
84	1041807856													-0.373353	2.130662	0.561482	0.159132	0.987089	0.018221	0.177888	-0.010514	-0.983995	-0.971099	0.159826	-0.177265
85	1041824523													0.132117	2.098283	-0.109221	0.159892	0.986872	0.022749	0.177966	-0.006151	-0.984017	-0.970960	0.161385	-0.176613
86	1041841190													1.106958	1.561822	0.320625	0.158425	0.987087	0.023696	0.178509	-0.005030	-0.983925	-0.971100	0.160108	-0.177001
87	1041857857													1.976793	0.761961	1.802942	0.156117	0.987449	0.023927	0.180158	-0.004649	-0.983627	-0.971170	0.157872	-0.178623
88	1041874524													-0.019304	1.096295	5.854892	0.138072	0.990058	0.026855	0.178350	0.001818	-0.983966	-0.974232	0.140647	-0.176325
89	1041891191													-0.791880	4.783676	8.616436	0.109698	0.993568	0.028098	0.171284	0.008949	-0.985181	-0.979096	0.112885	-0.169201
90	1041907858													0.347087	6.048588	5.864327	0.128025	0.991451	0.025172	0.163515	0.003932	-0.986533	-0.978198	0.130417	-0.161614
91	1041924525													-1.595822	-2.086947	3.097684	0.175643	0.984144	0.024692	0.156261	-0.003106	-0.987711	-0.971973	0.177343	-0.154329
92	1041941192													-0.460100	-7.446765	-0.892694	0.196975	0.980296	0.014866	0.150151	-0.015179	-0.988547	-0.968842	0.196952	-0.150183
93	1041957859													-0.143235	-4.393280	-3.352700	0.169962	0.985449	-0.001962	0.147216	-0.027359	-0.988726	-0.974392	0.167757	-0.149723
94	1041974526													0.519357	0.258516	-2.793557	0.136031	0.990588	-0.015165	0.146457	-0.035246	-0.988589	-0.979819	0.132258	-0.149874
95	1041991193													0.939944	-0.972681	-1.525599	0.143371	0.989418	-0.022267	0.143449	-0.043038	-0.988721	-0.979218	0.138560	-0.148101
96	1042007860													0.730146	-4.839827	-2.801674	0.165919	0.985831	-0.024672	0.137584	-0.047915	-0.989330	-0.976494	0.160754	-0.143584
97	1042024527													0.531151	-5.149445	-2.937077	0.160567	0.986669	-0.026491	0.128476	-0.047503	-0.990574	-0.978628	0.155650	-0.134391
98	1042041194													-0.102409	-2.959803	-0.154210	0.132914	0.990746	-0.027505	0.117032	-0.043245	-0.992186	-0.984194	0.128657	-0.121697
99	1042057861													-0.418170	-1.001564	3.234816	0.116783	0.992761	-0.028077	0.105965	-0.040564	-0.993542	-0.987488	0.113053	-0.109935
100	1042074528													0.192783	-0.254201	4.138025	0.117616	0.992525	-0.032571	0.099801	-0.044447	-0.994014	-0.988032	0.113661	-0.104282
101	1042091195													0.226896	0.194342	2.183800	0.126113	0.991198	-0.040274	0.099635	-0.053049	-0.993609	-0.987000	0.121294	-0.105448
102	1042107862													-0.260495	0.528599	-0.500527	0.134612	0.989644	-0.049847	0.102882	-0.063991	-0.992633	-0.985543	0.128492	-0.110430
103	1042124529													-0.340060	0.562093	-1.379105	0.131908	0.989560	-0.058069	0.108565	-0.072650	-0.991431	-0.985299	0.124473	-0.117014
104	1042141196													-0.493672	0.157596	-0.926331	0.128101	0.989735	-0.063363	0.115515	-0.078344	-0.990211	-0.985011	0.119528	-0.124365
105	1042157863													-0.482476	-0.693871	-0.864276	0.134692	0.988710	-0.065661	0.122188	-0.082331	-0.989086	-0.983325	0.125199	-0.131897
106	1042174530													-0.596643	-1.335587	-1.812482	0.143350	0.987453	-0.066231	0.127529	-0.084795	-0.988203	-0.981421	0.133213	-0.138085
107	1042191197													-0.529070	-1.016229	-2.093431	0.141874	0.987588	-0.067398	0.131299	-0.086259	-0.987583	-0.981138	0.131264	-0.141907
108	1042207864													-0.253287	-0.164208	-1.529008	0.132929	0.988664	-0.069812	0.133405	-0.087644	-0.987179	-0.982106	0.121912	-0.143543
109	1042224531													-0.010574	0.407558	-0.937297	0.128431	0.989062	-0.072539	0.133778	-0.089755	-0.986938	-0.982654	0.117049	-0.143842
110	1042241198													-0.141276	0.419753	-1.226617	0.132755	0.988265	-0.075554	0.132709	-0.093266	-0.986757	-0.982224	0.120970	-0.143533
111	1042257865													-0.395636	0.276008	-1.958165	0.137739	0.987208	-0.080298	0.130468	-0.098448	-0.986553	-0.981838	0.125411	-0.142359
112	1042274532													-0.311044	0.641530	-2.429096	0.134257	0.987104	-0.087178	0.127113	-0.104402	-0.986378	-0.982760	0.121347	-0.139491
113	1042291199													-0.171008	1.332682	-1.910191	0.123549	0.987661	-0.096232	0.122661	-0.111431	-0.986173	-0.984728	0.110037	-0.134914
114	1042307866													-0.196028	1.647617	-1.050868	0.119089	0.987186	-0.106217	0.117557	-0.120245	-0.985759	-0.985900	0.104906	-0.130370
115	1042324533													-0.010728	1.248693	-0.819681	0.128685	0.984933	-0.115532	0.112393	-0.130235	-0.985092	-0.985296	0.113782	-0.127459
116	1042341200													-0.445838	0.640392	-1.356452	0.140354	0.982355	-0.123613	0.107011	-0.139168	-0.984470	-0.984302	0.124946	-0.124655
117	1042357867													-0.563617	0.166115	-1.396392	0.146344	0.980473	-0.131365	0.101256	-0.146944	-0.983949	-0.984038	0.130694	-0.120783
118	1042374534													-0.253729	-0.261917	-0.695928	0.151808	0.978508	-0.139559	0.095009	-0.154987	-0.983337	-0.983833	0.136019	-0.116495
119	1042391201													-0.058261	-0.527592	0.331214	0.157797	0.976152	-0.149091	0.088480	-0.164352	-0.982425	-0.983499	0.141833	-0.112305
120	1042407868													0.442765	-0.036514	0.947254	0.158565	0.974524	-0.158621	0.083456	-0.173307	-0.981325	-0.983815	0.142366	-0.108811
121	1042424535													1.262101	0.859279	1.049247	0.154171	0.974026	-0.165843	0.081550	-0.179821	-0.980313	-0.984673	0.137611	-0.107155
122	1042441202													1.229509	1.431077	0.716787	0.151580	0.973986	-0.168447	0.083216	-0.182386	-0.979699	-0.984936	0.134486	-0.108697
123	1042457869													0.595843	1.687599	-0.086397	0.153055	0.974191	-0.165912	0.087254	-0.180556	-0.979687	-0.984358	0.135470	-0.112637
124	1042474536													-0.257202	1.613634	-0.423930	0.151304	0.974913	-0.163251	0.091147	-0.178209	-0.979762	-0.984276	0.133362	-0.115825
125	1042491203													-0.676130	0.105882	1.002719	0.145935	0.975532	-0.164442	0.094310	-0.179183	-0.979285	-0.984789	0.127403	-0.118151
126	1042507870													0.108191	1.724496	5.393388	0.125952	0.977413	-0.169705	0.104101	-0.183145	-0.977559	-0.986559	0.105459	-0.124817
127	1042524537													0.740516	3.704562	7.416994	0.106861	0.979271	-0.172070	0.117518	-0.184288	-0.975821	-0.987305	0.084056	-0.134775
128	1042541204													0.101383	2.688638	4.295991	0.146123	0.975860	-0.162312	0.126213	-0.181122	-0.975328	-0.981182	0.122032	-0.149632
129	1042557871													1.110313	-1.784195	1.434737	0.180350	0.971944	-0.150996	0.135272	-0.176563	-0.974950	-0.974256	0.155406	-0.163320
130	1042574538													-0.832597	-5.334463	0.642341	0.174354	0.973637	-0.147080	0.141382	-0.172573	-0.974797	-0.974480	0.149165	-0.167744
131	1042591205													-0.130581	-2.669743	-1.019333	0.155888	0.977473	-0.142284	0.142311	-0.164767	-0.976012	-0.977470	0.131900	-0.164790
132	1042607872													0.078793	0.884707	-1.624920	0.133025	0.980504	-0.144622	0.139728	-0.163015	-0.976679	-0.981214	0.109715	-0.158689
133	1042624539													-0.478402	0.261852	0.124735	0.127621	0.980947	-0.146482	0.138304	-0.163847	-0.976743	-0.982133	0.104393	-0.156579
134	1042641206													-0.804206	-2.677923	-0.110899	0.146578	0.977732	-0.150184	0.138613	-0.170627	-0.975537	-0.979439	0.122175	-0.160536
135	1042657873													-1.207271	-4.684723	-1.970676	0.163273	0.974087	-0.156515	0.141697	-0.180152	-0.973379	-0.976352	0.136749	-0.167439
136	1042674540													-0.308783	-4.003768	-2.641948	0.153644	0.974161	-0.165541	0.148446	-0.188384	-0.970812	-0.976912	0.124586	-0.173554
137	1042691207													0.863336	-2.091225	-0.664730	0.128508	0.975696	-0.177493	0.157446	-0.196780	-0.967723	-0.979130	0.096415	-0.178907
138	1042707874													1.486044	-0.686616	1.827679	0.115050	0.975748	-0.186223	0.165615	-0.203685	-0.964927	-0.979456	0.080174	-0.185033
139	1042724541													1.249115	-0.811117	2.534184	0.120071	0.974307	-0.190549	0.169375	-0.209228	-0.963087	-0.978210	0.083364	-0.190146
140	1042741208													0.672443	-1.014438	1.373880	0.128801	0.972956	-0.191749	0.167832	-0.211957	-0.962760	-0.977365	0.091823	-0.190594
141	1042757875													0.438850	-0.556712	0.119266	0.125335	0.972933	-0.194148	0.162389	-0.213170	-0.963425	-0.978734	0.089223	-0.184712
142	1042774542													0.938547	0.495302	-0.322306	0.116682	0.973082	-0.198736	0.155123	-0.215503	-0.964103	-0.980980	0.081665	-0.176093
143	1042791209													1.245148	0.943114	-0.816220	0.117150	0.971990	-0.203744	0.148007	-0.219953	-0.964217	-0.982023	0.082802	-0.169629
144	1042807876													1.434369	0.084846	-1.458599	0.127984	0.969601	-0.208550	0.142474	-0.226073	-0.963635	-0.981489	0.093616	-0.167076
145	1042824543													1.256398	-1.251627	-2.325054	0.139710	0.966416	-0.215690	0.138897	-0.234799	-0.962069	-0.980402	0.104452	-0.167036
146	1042841210													1.003357	-1.729068	-2.737474	0.141482	0.964205	-0.224260	0.137238	-0.243455	-0.960154	-0.980382	0.105068	-0.166770
147	1042857877													1.127968	-1.128844	-2.645081	0.134301	0.962572	-0.235411	0.136433	-0.253262	-0.957729	-0.981504	0.096506	-0.165340
148	1042874544													1.092131	-0.355531	-2.039537	0.125550	0.961434	-0.244707	0.136258	-0.261032	-0.955665	-0.982686	0.086640	-0.163776
149	1042891211													0.964082	0.165453	-1.417955	0.118580	0.960477	-0.251840	0.136823	-0.267016	-0.953930	-0.983473	0.078660	-0.163078
150	1042907878													0.751159	0.517106	-0.942306	0.114055	0.959962	-0.255859	0.138691	-0.270403	-0.952705	-0.983746	0.073176	-0.163979
151	1042924545													1.243637	0.783624	-0.892841	0.114399	0.959606	-0.257040	0.142074	-0.271883	-0.951785	-0.983223	0.072365	-0.167438
152	1042941212													1.819360	0.683586	-0.875008	0.120502	0.959357	-0.255173	0.146719	-0.271435	-0.951208	-0.981811	0.077184	-0.173464
153	1042957879													2.282724	0.370319	-1.085743	0.132374	0.959030	-0.250477	0.151989	-0.269352	-0.950973	-0.979478	0.087815	-0.181417
154	1042974546													2.416921	0.164441	-1.697822	0.144071	0.958795	-0.244858	0.157220	-0.266475	-0.950933	-0.976998	0.098505	-0.189133
155	1042991213													2.624505	0.246949	-1.996058	0.150013	0.959356	-0.239023	0.162278	-0.262372	-0.951224	-0.975275	0.103908	-0.195042
156	1043007880													2.478522	0.429336	-1.360233	0.153704	0.960566	-0.231708	0.167152	-0.256391	-0.952011	-0.973877	0.107597	-0.199968
157	1043024547													1.956062	0.487243	-0.303408	0.158367	0.962222	-0.221467	0.171409	-0.247684	-0.953557	-0.972388	0.113051	-0.204159
158	1043041214													1.212476	0.521387	1.203619	0.161574	0.964227	-0.210142	0.174141	-0.237455	-0.955662	-0.971375	0.117816	-0.206278
159	1043057881													0.155341	0.899140	2.865141	0.160187	0.966486	-0.200614	0.174132	-0.227720	-0.958030	-0.971606	0.118530	-0.204774
160	1043074548													-0.230803	1.960090	2.856543	0.154201	0.968225	-0.196880	0.171277	-0.222442	-0.959783	-0.973081	0.114278	-0.200136
161	1043091215													0.519845	2.213294	1.561993	0.161196	0.966883	-0.197873	0.166885	-0.224312	-0.960121	-0.972710	0.121745	-0.197517
162	1043107882													1.583017	0.954962	0.058690	0.172350	0.963917	-0.202879	0.163142	-0.231049	-0.959167	-0.971432	0.132214	-0.197077
163	1043124549													1.385045	-0.692873	1.249506	0.177110	0.962663	-0.204723	0.161010	-0.233550	-0.958921	-0.970931	0.136872	-0.196362
164	1043141216													0.453017	-0.039259	5.719144	0.154502	0.965563	-0.209324	0.155609	-0.233006	-0.959945	-0.975661	0.115740	-0.186250
165	1043157883													0.980579	3.194088	7.982296	0.129573	0.968019	-0.214827	0.147030	-0.233015	-0.961294	-0.980609	0.092971	-0.172520
166	1043174550													2.177715	4.301806	5.019143	0.146151	0.964871	-0.218319	0.138013	-0.238418	-0.961306	-0.979588	0.110365	-0.168010
167	1043191217													-0.105708	-1.131897	2.250241	0.173293	0.958742	-0.225352	0.128484	-0.248866	-0.959978	-0.976454	0.137403	-0.166310
168	1043207884													-0.724800	-4.458808	-1.545813	0.182898	0.955124	-0.232993	0.123003	-0.257360	-0.958455	-0.975407	0.146641	-0.164554
169	1043224551													-0.038319	-2.559340	-3.469047	0.166333	0.956468	-0.239797	0.121445	-0.261203	-0.957614	-0.978562	0.130161	-0.159605
170	1043241218													0.256395	-1.066320	-2.762249	0.148943	0.958872	-0.241622	0.120704	-0.260150	-0.957994	-0.981451	0.113522	-0.154487
171	1043257885													-0.287287	-2.197435	-1.738663	0.147126	0.959688	-0.239484	0.117618	-0.257376	-0.959127	-0.982100	0.112944	-0.150743
172	1043274552													-0.804283	-3.763612	-1.580855	0.150173	0.960045	-0.236141	0.111372	-0.253756	-0.960835	-0.982367	0.117992	-0.145029
173	1043291219													-1.115296	-3.750775	-1.054367	0.142575	0.961955	-0.233058	0.101002	-0.248374	-0.963384	-0.984617	0.113815	-0.132571
174	1043307886													-1.029431	-2.384843	1.049880	0.128347	0.964768	-0.229673	0.086941	-0.241642	-0.966463	-0.987911	0.104075	-0.114892
175	1043324553													-1.441509	-1.825962	3.051176	0.128355	0.965325	-0.227315	0.072573	-0.237739	-0.968614	-0.989069	0.107830	-0.100571
176	1043341220													-0.695618	-1.870201	2.948996	0.141692	0.963460	-0.227306	0.062885	-0.237919	-0.969247	-0.987911	0.123040	-0.094299
177	1043357887													0.173619	-1.545867	0.639584	0.151551	0.961633	-0.228681	0.060197	-0.239903	-0.968929	-0.986615	0.133077	-0.094245
178	1043374554													0.478602	-0.274613	-0.813183	0.150229	0.961399	-0.230530	0.062535	-0.241950	-0.968272	-0.986672	0.131046	-0.096469
179	1043391221													0.216749	1.164458	-0.821476	0.143632	0.962626	-0.229611	0.067464	-0.241001	-0.968177	-0.987329	0.123571	-0.099559
180	1043407888													-0.149960	1.331776	-0.651461	0.145578	0.962856	-0.227412	0.073005	-0.239688	-0.968101	-0.986650	0.124332	-0.105187
181	1043424555													-1.133057	0.214391	-0.930909	0.156188	0.962142	-0.223356	0.078658	-0.237529	-0.968190	-0.984590	0.133651	-0.112779
182	1043441222													-1.793648	-0.774175	-1.422022	0.166046	0.961694	-0.218114	0.084093	-0.234188	-0.968548	-0.982526	0.142481	-0.119758
183	1043457889													-1.752330	-0.553876	-1.992943	0.169882	0.962091	-0.213356	0.088756	-0.230560	-0.969002	-0.981459	0.145679	-0.124559
184	1043474556													-1.794740	0.144176	-1.885980	0.167157	0.963195	-0.210507	0.092330	-0.227865	-0.969305	-0.981598	0.142590	-0.127021
185	1043491223													-1.294004	0.506906	-1.505020	0.164008	0.963881	-0.209843	0.095061	-0.227176	-0.969203	-0.981868	0.139009	-0.128887
186	1043507890													-1.036776	0.170396	-1.458989	0.165249	0.963622	-0.210060	0.097595	-0.227920	-0.968776	-0.981411	0.139588	-0.131708
187	1043524557													-0.644876	-0.164088	-1.686083	0.165021	0.963575	-0.210456	0.100435	-0.228689	-0.968305	-0.981163	0.138653	-0.134515
188	1043541224													-0.309942	0.162156	-2.045931	0.162512	0.963818	-0.211295	0.103367	-0.229593	-0.967782	-0.981277	0.135435	-0.136939
189	1043557891													-0.188370	0.658144	-2.242795	0.159298	0.963797	-0.213819	0.105546	-0.231970	-0.966980	-0.981572	0.131470	-0.138677
190	1043574558													0.191244	1.028932	-2.161572	0.155178	0.963531	-0.218007	0.106202	-0.235672	-0.966012	-0.982161	0.126751	-0.138900
191	1043591225													0.014948	1.069471	-1.824776	0.152922	0.962704	-0.223196	0.104824	-0.240379	-0.965002	-0.982663	0.124173	-0.137674
192	1043607892													-0.100618	0.822024	-1.676168	0.154191	0.961125	-0.229052	0.101144	-0.245960	-0.963988	-0.982850	0.125471	-0.135137
193	1043624559													-0.382558	0.670412	-1.646607	0.155557	0.959580	-0.234538	0.095381	-0.250910	-0.963300	-0.983211	0.127478	-0.130556
194	1043641226													-0.776583	0.594510	-1.178510	0.155723	0.958230	-0.239888	0.087826	-0.255320	-0.962859	-0.983889	0.128871	-0.123917
195	1043657893													-0.696796	0.678470	-0.155228	0.155469	0.956699	-0.246083	0.078879	-0.260340	-0.962290	-0.984686	0.130196	-0.115938
196	1043674560													-0.506741	0.765304	1.295235	0.155454	0.954877	-0.253070	0.070079	-0.266199	-0.961367	-0.985354	0.131714	-0.108299
197	1043691227													-0.080159	0.841078	2.192705	0.157781	0.952643	-0.259955	0.063112	-0.272443	-0.960100	-0.985455	0.135079	-0.103110
198	1043707894													0.447285	1.149503	1.733433	0.162101	0.950537	-0.264957	0.059024	-0.277368	-0.958949	-0.985007	0.139807	-0.101066
199	1043724561													0.295062	1.838406	0.541488	0.161984	0.949877	-0.267386	0.057632	-0.279608	-0.958383	-0.985109	0.139832	-0.100036
200	1043741228													-0.509674	1.736225	0.702981	0.157140	0.950584	-0.267765	0.057869	-0.279530	-0.958391	-0.985879	0.135106	-0.098935
201	1043757895													-0.198466	-0.909989	2.478225	0.158791	0.949417	-0.270911	0.060409	-0.283221	-0.957150	-0.985462	0.135621	-0.102326
202	1043774562													0.963426	0.099080	6.528229	0.137865	0.952328	-0.272147	0.074822	-0.284000	-0.955901	-0.987621	0.111422	-0.110408
203	1043791229													1.641678	3.511506	6.541595	0.109975	0.956883	-0.268850	0.092659	-0.279183	-0.955757	-0.989606	0.080198	-0.119367
204	1043807896													1.509421	3.967255	3.517722	0.138431	0.956936	-0.255168	0.103800	-0.270248	-0.957179	-0.984917	0.106017	-0.136740
205	1043824563													-0.231978	-0.028501	0.768597	0.173169	0.956098	-0.236410	0.111252	-0.257489	-0.959855	-0.978588	0.139916	-0.150957
206	1043841230													-1.964835	-3.536728	0.049506	0.174814	0.958497	-0.225218	0.113866	-0.246886	-0.962331	-0.977995	0.142584	-0.152300
207	1043857897													-1.242296	-2.133147	-0.695909	0.160605	0.962698	-0.217759	0.112695	-0.237065	-0.964935	-0.980564	0.130433	-0.146565
208	1043874564													-1.235396	0.327280	-0.564359	0.140661	0.966062	-0.216654	0.110269	-0.232755	-0.966264	-0.983898	0.112025	-0.139266
209	1043891231													-0.773432	-0.629253	0.549095	0.139614	0.966302	-0.216259	0.109528	-0.232128	-0.966499	-0.984130	0.111250	-0.138246
210	1043907898													-1.025900	-3.184392	-0.509441	0.161131	0.962730	-0.217230	0.111038	-0.236392	-0.965292	-0.980667	0.131418	-0.144990
211	1043924565													-1.270462	-4.688843	-2.219468	0.172390	0.960211	-0.219719	0.115214	-0.241183	-0.963616	-0.978268	0.140803	-0.152208
212	1043941232													-0.855895	-3.919956	-1.955655	0.159340	0.961325	-0.224644	0.121416	-0.244907	-0.961914	-0.979729	0.125996	-0.155743
213	1043957899													0.219555	-2.158463	-0.543404	0.143840	0.962638	-0.229431	0.128142	-0.248008	-0.960246	-0.981269	0.108722	-0.159028
214	1043974566													0.816793	-1.254198	0.568504	0.135242	0.962923	-0.233429	0.132469	-0.251051	-0.958867	-0.981917	0.098757	-0.161510
215	1043991233													0.538047	-0.951427	0.981033	0.132201	0.962565	-0.236625	0.132968	-0.253784	-0.958078	-0.982264	0.095195	-0.161541
216	1044007900													0.575414	-0.375481	0.515872	0.126303	0.962948	-0.238283	0.130178	-0.254219	-0.958346	-0.983413	0.090023	-0.157464
217	1044024567													1.533611	0.721786	-0.106184	0.113664	0.964233	-0.239446	0.125260	-0.252993	-0.959325	-0.985591	0.079048	-0.149536
218	1044041234													2.264674	1.315340	-0.235766	0.108526	0.965219	-0.237852	0.120125	-0.250245	-0.960701	-0.986809	0.075689	-0.143105
219	1044057901													1.928099	0.065388	-0.567530	0.121435	0.964435	-0.234773	0.115949	-0.248687	-0.961619	-0.985804	0.089552	-0.142024
220	1044074568													1.443986	-2.021164	-1.815371	0.138731	0.962909	-0.231431	0.113416	-0.247601	-0.962201	-0.983814	0.107239	-0.143559
221	1044091235													1.292278	-2.881608	-2.788081	0.141787	0.962714	-0.230388	0.112482	-0.246901	-0.962490	-0.983486	0.110554	-0.143296
222	1044107902													1.257574	-2.010119	-2.553072	0.131004	0.964132	-0.230842	0.112513	-0.245804	-0.962768	-0.984977	0.100154	-0.140679
223	1044124569													1.413600	-0.788787	-1.897148	0.120258	0.965694	-0.230159	0.112585	-0.243612	-0.963316	-0.986338	0.089934	-0.138019
224	1044141236													1.007003	-0.214322	-1.449928	0.115613	0.967304	-0.225736	0.112869	-0.238582	-0.964541	-0.986861	0.086035	-0.136762
225	1044157903													0.466675	-0.115538	-1.301967	0.114160	0.969081	-0.218744	0.113760	-0.231487	-0.966164	-0.986928	0.085413	-0.136669
226	1044174570													0.266230	-0.178123	-1.103017	0.113265	0.970971	-0.210679	0.115570	-0.223480	-0.967833	-0.986821	0.085274	-0.137527
227	1044191237													0.668819	0.064284	-0.995304	0.112964	0.972759	-0.202431	0.118072	-0.215434	-0.969354	-0.986559	0.085600	-0.139192
228	1044207904													0.930471	0.608627	-0.883862	0.111756	0.974479	-0.194685	0.120971	-0.207796	-0.970663	-0.986345	0.084926	-0.141106
229	1044224571													0.982256	1.176538	-0.565813	0.111099	0.976050	-0.187039	0.124266	-0.200370	-0.971807	-0.986010	0.084724	-0.143551
230	1044241238													0.941546	1.264358	-0.200300	0.116425	0.976952	-0.178913	0.128195	-0.193413	-0.972706	-0.984891	0.090312	-0.147759
231	1044257905													0.834435	0.740886	-0.478283	0.127473	0.977279	-0.169343	0.132951	-0.186031	-0.973507	-0.982891	0.101582	-0.153644
232	1044274572													0.826887	0.019022	-0.933473	0.137816	0.977471	-0.159863	0.138364	-0.178821	-0.974104	-0.980746	0.112128	-0.159891
233	1044291239													0.617767	-0.270572	-0.807744	0.144050	0.978089	-0.150302	0.144590	-0.171060	-0.974593	-0.978950	0.118657	-0.166063
234	1044307906													0.649871	-0.051986	-0.095971	0.145902	0.979310	-0.140233	0.151242	-0.162163	-0.975105	-0.977670	0.121060	-0.171773
235	1044324573													-0.057998	0.106114	1.283679	0.144958	0.980811	-0.130369	0.156528	-0.152834	-0.975777	-0.976978	0.121041	-0.175679
236	1044341240													-0.290015	0.404508	1.850576	0.145567	0.981720	-0.122623	0.159234	-0.145575	-0.976449	-0.976450	0.122613	-0.177514
237	1044357907													-0.440260	1.256646	0.804429	0.143246	0.982505	-0.119018	0.159669	-0.141626	-0.976958	-0.976722	0.120942	-0.177163
238	1044374574													0.055616	1.969082	-0.129036	0.136830	0.983252	-0.120388	0.158965	-0.141751	-0.977055	-0.977756	0.114553	-0.175699
239	1044391241													0.908792	1.805388	-0.066482	0.132873	0.983213	-0.125048	0.158822	-0.145658	-0.976504	-0.978325	0.109891	-0.175510
240	1044407908													1.886571	1.280858	1.020291	0.130049	0.983201	-0.128071	0.160102	-0.148297	-0.975897	-0.978496	0.106410	-0.176699
241	1044424575													0.207098	0.860920	4.201640	0.119591	0.984719	-0.126596	0.159262	-0.144887	-0.976547	-0.979966	0.096625	-0.174155
242	1044441242													0.007066	2.394625	8.415119	0.094271	0.987485	-0.126436	0.152024	-0.139791	-0.978441	-0.983871	0.073017	-0.163300
243	1044457909													0.638589	3.885791	6.861559	0.098403	0.986187	-0.133238	0.141157	-0.146366	-0.979108	-0.985085	0.077539	-0.153609
244	1044474576													-0.912595	0.728433	2.737909	0.132461	0.981651	-0.137166	0.130582	-0.154462	-0.979331	-0.982549	0.111812	-0.148646
245	1044491243													-0.504398	-3.459300	-0.249866	0.154898	0.976561	-0.149451	0.120697	-0.168850	-0.978224	-0.980530	0.133486	-0.144023
246	1044507910													-0.631887	-4.692123	-3.114192	0.153323	0.974849	-0.161744	0.115809	-0.180278	-0.976774	-0.981366	0.131031	-0.140538
247	1044524577													0.803120	-2.208652	-4.521337	0.133937	0.976143	-0.170898	0.114534	-0.186544	-0.975748	-0.984349	0.111115	-0.136787
248	1044541244													0.863046	-1.346711	-2.520425	0.110479	0.977918	-0.177402	0.113496	-0.189741	-0.975252	-0.987377	0.087610	-0.131953
249	1044557911													0.508308	-2.822039	-0.680218	0.111683	0.977740	-0.177626	0.110374	-0.189843	-0.975591	-0.987595	0.089352	-0.129119
250	1044574578													0.418653	-4.083732	-1.897988	0.124587	0.976721	-0.174628	0.103308	-0.187812	-0.976757	-0.986816	0.103651	-0.124302
251	1044591245													0.167636	-3.821508	-1.976572	0.117514	0.978480	-0.169608	0.091739	-0.180758	-0.979240	-0.988825	0.099515	-0.111006
252	1044607912													-0.369965	-2.978567	0.628801	0.101692	0.981193	-0.164068	0.077803	-0.172262	-0.981974	-0.991769	0.087094	-0.093858
253	1044624579													-0.898357	-2.335840	3.398080	0.094932	0.982619	-0.159522	0.066598	-0.166156	-0.983848	-0.993254	0.082774	-0.081214
254	1044641246													-0.061978	-1.096775	3.832807	0.091375	0.982966	-0.159466	0.062007	-0.165441	-0.984268	-0.993884	0.080050	-0.076068
255	1044657913													0.466650	0.992918	1.850443	0.091087	0.982635	-0.161651	0.063981	-0.167765	-0.983749	-0.993786	0.079264	-0.078151
256	1044674580													-0.045712	2.560976	-0.472091	0.095152	0.982002	-0.163151	0.070053	-0.170094	-0.982935	-0.992995	0.082099	-0.084977
257	1044691247													-0.469995	2.360898	-1.459897	0.093479	0.982370	-0.161897	0.077858	-0.169323	-0.982480	-0.992572	0.079237	-0.092314
258	1044707914													-1.156579	0.492915	-0.636381	0.090235	0.983306	-0.158007	0.085657	-0.165729	-0.982444	-0.992230	0.075116	-0.099182
259	1044724581													-1.336190	-1.042800	-0.296039	0.104530	0.982809	-0.152181	0.092127	-0.161931	-0.982492	-0.990245	0.088680	-0.107470
260	1044741248													-1.196524	-1.720050	-1.504678	0.121216	0.981729	-0.146676	0.096485	-0.158719	-0.982598	-0.987926	0.104955	-0.113962
261	1044757915													-0.658746	-0.967275	-1.630628	0.118888	0.982658	-0.142300	0.099323	-0.154368	-0.983008	-0.987927	0.102734	-0.115953
262	1044774582													-0.430256	0.117174	-0.615956	0.108905	0.984198	-0.139618	0.101153	-0.150697	-0.983391	-0.988892	0.092973	-0.115967
263	1044791249													-0.301743	0.452339	-0.159842	0.111133	0.984439	-0.136126	0.102614	-0.147609	-0.983708	-0.988494	0.095354	-0.117421
264	1044807916													-0.330250	0.145904	-1.110708	0.123585	0.983373	-0.133060	0.103784	-0.146161	-0.983802	-0.986892	0.107774	-0.120121
265	1044824583													-0.432951	0.023923	-2.280415	0.130587	0.982747	-0.130979	0.104473	-0.145015	-0.983898	-0.985917	0.114801	-0.121608
266	1044841250													-0.628353	0.308812	-2.722973	0.127325	0.983278	-0.130202	0.104044	-0.143787	-0.984124	-0.986389	0.111757	-0.120612
267	1044857917													-0.897651	0.784013	-2.613605	0.121924	0.983725	-0.131982	0.101739	-0.144661	-0.984237	-0.987311	0.106574	-0.117721
268	1044874584													-0.888873	1.153516	-2.351316	0.120408	0.983341	-0.136171	0.097747	-0.148246	-0.984108	-0.987901	0.105184	-0.113968
269	1044891251													-0.777166	1.225429	-2.323751	0.123879	0.982240	-0.140919	0.092470	-0.152822	-0.983918	-0.987979	0.108856	-0.109759
270	1044907918													-0.923628	0.714402	-2.315182	0.128949	0.980891	-0.145691	0.086229	-0.157452	-0.983755	-0.987895	0.114291	-0.104885
271	1044924585													-0.898236	0.012458	-1.636840	0.129136	0.980108	-0.150705	0.079392	-0.161708	-0.983640	-0.988444	0.115059	-0.098695
272	1044941252													-0.620843	-0.290642	-0.006329	0.124506	0.979843	-0.156224	0.072079	-0.165964	-0.983494	-0.989597	0.111191	-0.091289
273	1044957919													-0.537508	-0.000236	1.531737	0.119164	0.979627	-0.161649	0.064907	-0.170147	-0.983279	-0.990751	0.106680	-0.083860
274	1044974586													-0.475249	0.828221	2.268499	0.114309	0.979189	-0.167698	0.059111	-0.175210	-0.982755	-0.991685	0.102425	-0.077909
275	1044991253													-0.603373	1.384545	1.909946	0.115396	0.978162	-0.172867	0.055776	-0.180136	-0.982059	-0.991752	0.103684	-0.075345
276	1045007920													-0.654326	1.535020	0.713076	0.119934	0.976889	-0.176929	0.055007	-0.184480	-0.981296	-0.991257	0.107958	-0.075861
277	1045024587													-0.899992	0.718341	0.320130	0.123216	0.975970	-0.179724	0.055935	-0.187646	-0.980643	-0.990802	0.110778	-0.077712
278	1045041254													-0.943568	-1.401915	1.686662	0.130049	0.974238	-0.184250	0.058701	-0.193068	-0.979428	-0.989768	0.116558	-0.082297
279	1045057921													1.049739	-0.146596	4.959567	0.118047	0.974769	-0.189447	0.069936	-0.198468	-0.977609	-0.990542	0.102154	-0.091600
280	1045074588													1.655026	3.007550	5.961052	0.094189	0.977535	-0.188558	0.085411	-0.196636	-0.976749	-0.991884	0.075894	-0.102013
