// Start Time: Unknown
// Update Rate: 100.0Hz
//Filter Profile: human (46.1)
// Option Flags: AHS Disabled ICC Disabled
// Firmware Version: 4.0.2
PacketCounter	SampleTimeFine	Year	Month	Day	Second	UTC_Nano	UTC_Year	UTC_Month	UTC_Day	UTC_Hour	UTC_Minute	UTC_Second	UTC_Valid	Acc_X	Acc_Y	Acc_Z	Mat[1][1]	Mat[1][2]	Mat[1][3]	Mat[2][1]	Mat[2][2]	Mat[2][3]	Mat[3][1]	Mat[3][2]	Mat[3][3]
1	1040441162													0.052248	1.689432	1.528748	-0.356297	0.003591	-0.934366	-0.419792	-0.894001	0.156642	-0.834762	0.448050	0.320037
2	1040457829													-0.745963	2.106796	2.204340	-0.350071	0.016066	-0.936585	-0.446919	-0.881580	0.151924	-0.823234	0.471762	0.315796
3	1040474496													-1.345185	2.885623	2.266811	-0.343592	0.028522	-0.938686	-0.475459	-0.867253	0.147683	-0.809866	0.497049	0.311543
4	1040491163													-1.465149	3.632062	2.273336	-0.337329	0.040670	-0.940508	-0.505515	-0.850627	0.144529	-0.794143	0.524195	0.307500
5	1040507830													-1.785727	5.270707	3.617251	-0.330298	0.050237	-0.942539	-0.536995	-0.831225	0.143878	-0.776234	0.553662	0.301528
6	1040524497													-1.215805	6.790985	2.458421	-0.324006	0.058748	-0.944229	-0.569588	-0.809019	0.145115	-0.755374	0.584840	0.295589
7	1040541164													-1.668679	7.109770	2.671553	-0.317494	0.070051	-0.945669	-0.603902	-0.783816	0.144689	-0.731095	0.617030	0.291161
8	1040557831													-1.999753	9.175089	1.848205	-0.308040	0.085197	-0.947551	-0.640484	-0.755042	0.140328	-0.703485	0.650118	0.287151
9	1040574498													-1.489036	11.663764	1.692370	-0.295423	0.101852	-0.949922	-0.677450	-0.723423	0.133119	-0.673637	0.682851	0.282715
10	1040591165													-1.088327	13.060329	-0.350633	-0.280814	0.120801	-0.952130	-0.712382	-0.691030	0.122430	-0.643161	0.712660	0.280108
11	1040607832													-0.533922	10.182672	-2.547858	-0.272035	0.136074	-0.952618	-0.742232	-0.659722	0.117720	-0.612444	0.739088	0.280466
12	1040624499													0.902881	1.386570	3.011516	-0.274916	0.145712	-0.950363	-0.769593	-0.625845	0.126668	-0.576322	0.766216	0.284194
13	1040641166													6.096430	5.516536	3.263136	-0.280008	0.158311	-0.946854	-0.800137	-0.583474	0.139065	-0.530449	0.796553	0.290048
14	1040657833													0.453014	10.993629	-0.684727	-0.286986	0.162089	-0.944122	-0.821768	-0.548141	0.155688	-0.492277	0.820529	0.290508
15	1040674500													-0.474597	7.451797	-1.554265	-0.293150	0.157534	-0.942998	-0.835334	-0.521985	0.172480	-0.465060	0.838281	0.284613
16	1040691167													0.622852	7.727151	-6.272797	-0.306213	0.149751	-0.940111	-0.839991	-0.507186	0.192812	-0.447938	0.848727	0.281096
17	1040707834													2.440432	7.607519	-7.854961	-0.331838	0.135811	-0.933509	-0.834682	-0.503353	0.223478	-0.439533	0.853341	0.280391
18	1040724501													3.095213	5.028574	-7.500346	-0.361395	0.117731	-0.924950	-0.823239	-0.506069	0.257240	-0.437804	0.854420	0.279811
19	1040741168													3.655836	2.830086	-6.251491	-0.387416	0.098177	-0.916663	-0.807613	-0.515664	0.286098	-0.444602	0.851147	0.279066
20	1040757835													3.142899	1.910377	-5.080342	-0.407234	0.080120	-0.909803	-0.788355	-0.533801	0.305865	-0.461147	0.841806	0.280545
21	1040774502													1.410844	1.140001	-3.749028	-0.420947	0.064255	-0.904807	-0.765761	-0.559856	0.316499	-0.486225	0.826095	0.284874
22	1040791169													-0.589563	0.762346	-2.989375	-0.426396	0.053005	-0.902982	-0.741542	-0.592146	0.315404	-0.517979	0.804086	0.291794
23	1040807836													-1.380189	0.769804	-3.580185	-0.423284	0.047055	-0.904774	-0.715818	-0.629535	0.302143	-0.555369	0.775546	0.300155
24	1040824503													-1.882006	0.982164	-4.264349	-0.415749	0.043470	-0.908440	-0.685727	-0.671132	0.281710	-0.597437	0.740062	0.308831
25	1040841170													-2.690916	0.671381	-3.586632	-0.403698	0.041738	-0.913940	-0.651144	-0.714843	0.254973	-0.642681	0.698038	0.315758
26	1040857837													-2.767238	0.826066	-2.967507	-0.389188	0.040499	-0.920268	-0.611457	-0.758553	0.225207	-0.688951	0.650352	0.319983
27	1040874504													-2.309419	1.109891	-2.381059	-0.374800	0.038649	-0.926300	-0.565790	-0.801036	0.195508	-0.734443	0.597368	0.322095
28	1040891171													-1.854670	1.457173	-1.505314	-0.362070	0.034740	-0.931503	-0.513622	-0.841356	0.168263	-0.777880	0.539364	0.322473
29	1040907838													-2.015361	1.524571	-0.316537	-0.350653	0.028050	-0.936085	-0.454942	-0.878787	0.144087	-0.818578	0.476389	0.320911
30	1040924505													-2.617071	1.137781	1.002150	-0.337884	0.019130	-0.940993	-0.391219	-0.912184	0.121931	-0.856027	0.409333	0.315696
31	1040941172													-3.150537	0.872701	2.167288	-0.322559	0.008155	-0.946514	-0.323574	-0.940671	0.102165	-0.889526	0.339221	0.306061
32	1040957839													-3.308984	0.141581	3.775577	-0.304750	-0.005113	-0.952419	-0.252561	-0.963753	0.085987	-0.918336	0.266748	0.292412
33	1040974506													-2.740795	-1.199414	5.097750	-0.283987	-0.021560	-0.958586	-0.178940	-0.980991	0.075076	-0.941983	0.192850	0.274731
34	1040991173													-1.628612	-2.673067	6.040917	-0.260247	-0.037336	-0.964820	-0.104520	-0.992291	0.066592	-0.959868	0.118173	0.254339
35	1041007840													-0.284147	-3.919697	6.468082	-0.236314	-0.050697	-0.970353	-0.030114	-0.997776	0.059463	-0.971210	0.043273	0.234262
36	1041024507													0.954605	-5.515787	6.296438	-0.214580	-0.060393	-0.974838	0.042603	-0.997715	0.052433	-0.975777	-0.030280	0.216662
37	1041041174													1.795150	-7.764552	5.773254	-0.197270	-0.065231	-0.978177	0.110543	-0.992900	0.043920	-0.974097	-0.099466	0.203080
38	1041057841													2.218958	-9.271931	2.603639	-0.185033	-0.064780	-0.980595	0.170400	-0.984825	0.032906	-0.967846	-0.161005	0.193264
39	1041074508													2.058215	-10.847531	-0.189279	-0.176458	-0.065056	-0.982156	0.218309	-0.975549	0.025396	-0.959794	-0.209932	0.186345
40	1041091175													2.514754	-12.268990	-2.214622	-0.169553	-0.067281	-0.983222	0.251660	-0.967547	0.022811	-0.952848	-0.243570	0.180982
41	1041107842													2.916730	-12.818378	-3.850467	-0.164959	-0.070824	-0.983754	0.270607	-0.962393	0.023910	-0.948452	-0.262267	0.177921
42	1041124509													3.259180	-13.157297	-5.244641	-0.162340	-0.077743	-0.983668	0.273399	-0.961405	0.030863	-0.948103	-0.263924	0.177329
43	1041141176													3.096073	-11.969364	-5.113607	-0.160901	-0.089556	-0.982899	0.259584	-0.964653	0.045400	-0.952222	-0.247840	0.178461
44	1041157843													2.727667	-11.380482	-3.500641	-0.161181	-0.107113	-0.981095	0.231321	-0.970501	0.067954	-0.959433	-0.215995	0.181203
45	1041174510													3.646069	-7.580252	0.346600	-0.163945	-0.125091	-0.978506	0.193290	-0.976773	0.092484	-0.967348	-0.173973	0.184315
46	1041191177													-5.977924	30.476854	17.956207	-0.174692	-0.105943	-0.978907	0.174133	-0.981848	0.075186	-0.969103	-0.157325	0.189969
47	1041207844													-2.248188	-9.739923	1.000398	-0.177726	-0.150136	-0.972560	0.164613	-0.978904	0.121034	-0.970214	-0.138585	0.198691
48	1041224511													1.402012	-17.241919	-4.118267	-0.187066	-0.157550	-0.969631	0.123742	-0.982972	0.135845	-0.974523	-0.094572	0.203376
49	1041241178													4.918105	-3.854787	1.098277	-0.199293	-0.155153	-0.967579	0.076829	-0.986821	0.142414	-0.976923	-0.045956	0.208587
50	1041257845													0.959861	3.540534	-0.651317	-0.212760	-0.158023	-0.964242	0.056057	-0.987184	0.149414	-0.975495	-0.022263	0.218891
51	1041274512													-0.903996	-12.569942	2.135767	-0.230702	-0.158354	-0.960052	0.026680	-0.987327	0.156441	-0.972659	0.010478	0.232004
52	1041291179													-1.805407	-1.353688	0.524086	-0.238047	-0.146052	-0.960210	-0.005739	-0.988400	0.151763	-0.971237	0.041637	0.234448
53	1041307846													0.017146	-4.402313	0.625068	-0.250115	-0.143408	-0.957537	-0.027018	-0.987551	0.154960	-0.967839	0.064629	0.243127
54	1041324513													-0.013611	-2.351172	0.401632	-0.259284	-0.132842	-0.956621	-0.048879	-0.987421	0.150368	-0.964563	0.085747	0.249530
55	1041341180													0.077960	-0.045635	-0.429763	-0.268309	-0.126249	-0.955024	-0.066599	-0.986572	0.149130	-0.961028	0.103617	0.256298
56	1041357847													0.957230	0.098802	0.456491	-0.276166	-0.123266	-0.953173	-0.083183	-0.984954	0.151477	-0.957503	0.121121	0.261757
57	1041374514													1.127835	0.020703	0.761774	-0.282729	-0.123796	-0.951178	-0.097503	-0.982791	0.156893	-0.954231	0.137101	0.265793
58	1041391181													0.325856	-0.905182	0.886891	-0.287624	-0.124788	-0.949579	-0.110467	-0.980536	0.162317	-0.951351	0.151584	0.268241
59	1041407848													0.417401	-1.025501	0.354620	-0.290709	-0.123944	-0.948750	-0.121843	-0.978706	0.165191	-0.949022	0.163621	0.269417
60	1041424515													-0.213801	-0.772153	-0.052581	-0.293634	-0.120846	-0.948249	-0.132196	-0.977312	0.165485	-0.946733	0.173946	0.270997
61	1041441182													-0.126099	-0.555664	0.433484	-0.296559	-0.114483	-0.948128	-0.142104	-0.976447	0.162350	-0.944383	0.182879	0.273306
62	1041457849													0.010430	0.658817	0.482098	-0.299559	-0.108454	-0.947893	-0.151400	-0.975525	0.159462	-0.941988	0.191280	0.275808
63	1041474516													0.307139	0.829920	0.342859	-0.302549	-0.104485	-0.947390	-0.160238	-0.974250	0.158619	-0.939568	0.199798	0.278016
64	1041491183													0.499606	0.511383	0.139603	-0.305153	-0.102166	-0.946807	-0.169024	-0.972632	0.159429	-0.937183	0.208683	0.279533
65	1041507850													0.391633	0.032491	0.362270	-0.307498	-0.100216	-0.946257	-0.177705	-0.970895	0.160573	-0.934808	0.217530	0.280739
66	1041524517													0.106720	-0.382071	0.613835	-0.309263	-0.097105	-0.946006	-0.186085	-0.969363	0.160336	-0.932592	0.225624	0.281718
67	1041541184													0.225251	-0.331138	0.524111	-0.310305	-0.091815	-0.946193	-0.194312	-0.968185	0.157674	-0.930566	0.232784	0.282591
68	1041557851													0.143423	-0.122453	0.514808	-0.311037	-0.085464	-0.946547	-0.202178	-0.967202	0.153765	-0.928644	0.239198	0.283557
69	1041574518													0.014063	-0.059993	0.244329	-0.312153	-0.078992	-0.946742	-0.209327	-0.966328	0.149644	-0.926684	0.244891	0.285107
70	1041591185													-0.176023	0.139188	0.151011	-0.313361	-0.072551	-0.946858	-0.216068	-0.965478	0.145485	-0.924727	0.250175	0.286868
71	1041607852													-0.177496	0.261978	0.253584	-0.314780	-0.066339	-0.946844	-0.222636	-0.964564	0.141596	-0.922685	0.255373	0.288856
72	1041624519													-0.144069	0.431765	0.440566	-0.316194	-0.060119	-0.946788	-0.229544	-0.963489	0.137839	-0.920506	0.260913	0.290849
73	1041641186													-0.012033	0.599338	0.210862	-0.317791	-0.054052	-0.946619	-0.236933	-0.962174	0.134481	-0.918081	0.267022	0.292963
74	1041657853													0.056061	0.845347	0.114347	-0.319474	-0.048372	-0.946360	-0.245203	-0.960461	0.131869	-0.915321	0.274179	0.294981
75	1041674520													0.151341	0.888118	0.077803	-0.321379	-0.043066	-0.945971	-0.254503	-0.958282	0.130090	-0.912110	0.282561	0.297011
76	1041691187													-0.023790	0.959930	0.283186	-0.323330	-0.037592	-0.945539	-0.265286	-0.955541	0.128705	-0.908340	0.292453	0.298982
77	1041707854													0.147816	1.121592	0.510516	-0.325001	-0.031829	-0.945178	-0.277934	-0.952084	0.127630	-0.903951	0.304177	0.300582
78	1041724521													0.363955	1.366012	0.829871	-0.326175	-0.024513	-0.944991	-0.293051	-0.947793	0.125735	-0.898738	0.317942	0.301963
79	1041741188													0.681758	1.535449	0.784153	-0.326895	-0.014875	-0.944943	-0.311050	-0.942473	0.122442	-0.892405	0.333950	0.303463
80	1041757855													0.480940	1.627727	1.006245	-0.326883	-0.002868	-0.945060	-0.331994	-0.935913	0.117672	-0.884832	0.352219	0.304982
81	1041774522													-0.092957	1.868620	1.238494	-0.326097	0.010650	-0.945276	-0.355682	-0.927842	0.112248	-0.875872	0.372821	0.306354
82	1041791189													-0.585885	2.046580	1.384745	-0.324600	0.024220	-0.945541	-0.381895	-0.917922	0.107590	-0.865327	0.396021	0.307207
83	1041807856													-0.443049	2.725826	1.515085	-0.322301	0.036768	-0.945923	-0.410518	-0.905825	0.104665	-0.852993	0.422052	0.307043
84	1041824523													-0.665755	2.755965	2.194160	-0.319279	0.048233	-0.946433	-0.441317	-0.891368	0.103452	-0.838630	0.450707	0.305881
85	1041841190													-1.009834	3.308348	2.912843	-0.314587	0.059331	-0.947372	-0.474367	-0.874309	0.102765	-0.822199	0.481731	0.303191
86	1041857857													-1.994659	4.081145	5.045128	-0.307844	0.069630	-0.948886	-0.509078	-0.854602	0.102447	-0.803786	0.514594	0.298531
87	1041874524													-1.957932	6.424564	4.261039	-0.298008	0.079853	-0.951217	-0.545504	-0.831993	0.101058	-0.783336	0.549009	0.291501
88	1041891191													-2.998882	6.212257	4.580475	-0.287283	0.094316	-0.953191	-0.582984	-0.806807	0.095874	-0.759999	0.583238	0.286766
89	1041907858													-3.993851	8.895113	2.828031	-0.272030	0.113679	-0.955551	-0.622920	-0.777674	0.084818	-0.733464	0.618305	0.282363
90	1041924525													-4.135102	12.843206	1.925263	-0.253972	0.133410	-0.957967	-0.662613	-0.745508	0.071846	-0.704587	0.653008	0.277737
91	1041941192													-3.835049	14.734441	-0.535986	-0.233455	0.152091	-0.960399	-0.699559	-0.712278	0.057252	-0.675364	0.685221	0.272681
92	1041957859													0.253982	14.406298	-6.425915	-0.220332	0.167261	-0.960977	-0.731598	-0.679945	0.049394	-0.645150	0.713932	0.272181
93	1041974526													3.636894	9.352898	-4.139561	-0.232705	0.164013	-0.958618	-0.755972	-0.650610	0.072198	-0.611845	0.741489	0.275390
94	1041991193													4.370365	4.246708	1.627214	-0.259561	0.152323	-0.953638	-0.779539	-0.615931	0.113793	-0.570042	0.772934	0.278614
95	1042007860													3.737834	9.563929	2.871784	-0.274022	0.141106	-0.951315	-0.800803	-0.581247	0.144453	-0.532566	0.801399	0.272273
96	1042024527													1.990589	9.291292	-3.839736	-0.276991	0.133149	-0.951603	-0.810064	-0.565004	0.156736	-0.516790	0.814274	0.264360
97	1042041194													2.449318	6.933363	-4.063085	-0.279154	0.135543	-0.950632	-0.813548	-0.559293	0.159154	-0.510110	0.817814	0.266400
98	1042057861													1.454451	6.537396	-4.446753	-0.277863	0.139958	-0.950370	-0.815046	-0.557963	0.156129	-0.508420	0.817978	0.269110
99	1042074528													1.624098	4.882513	-6.256264	-0.275367	0.139649	-0.951142	-0.811956	-0.563489	0.152339	-0.514685	0.814235	0.268555
100	1042091195													1.803865	3.669708	-7.313794	-0.274951	0.133209	-0.952186	-0.802746	-0.576861	0.151098	-0.529151	0.805908	0.265541
101	1042107862													1.782015	4.039961	-7.323223	-0.278129	0.120647	-0.952937	-0.786580	-0.598012	0.153864	-0.551304	0.792355	0.261223
102	1042124529													1.674083	4.559812	-6.403857	-0.285182	0.101927	-0.953038	-0.762904	-0.626059	0.161331	-0.580214	0.773086	0.256302
103	1042141196													1.781862	4.449725	-5.633686	-0.292569	0.078381	-0.953027	-0.732215	-0.659373	0.170552	-0.615032	0.747719	0.250304
104	1042157863													2.140722	4.245432	-5.401598	-0.296891	0.053286	-0.953423	-0.693928	-0.697930	0.177079	-0.655987	0.714181	0.244186
105	1042174530													2.461315	3.850863	-4.726986	-0.297327	0.029557	-0.954318	-0.647208	-0.741074	0.178691	-0.701939	0.670772	0.239471
106	1042191197													2.172292	3.069947	-2.920253	-0.292636	0.009709	-0.956175	-0.592697	-0.786537	0.173408	-0.750383	0.617467	0.235923
107	1042207864													1.676684	2.022697	-0.744403	-0.284637	-0.006015	-0.958617	-0.531102	-0.831498	0.162915	-0.798068	0.555495	0.233481
108	1042224531													1.792148	1.320845	1.262234	-0.274821	-0.018289	-0.961321	-0.462884	-0.873814	0.148953	-0.842740	0.485916	0.231677
109	1042241198													1.417867	-0.758808	2.282846	-0.262162	-0.021046	-0.964794	-0.390136	-0.912108	0.125908	-0.882647	0.409409	0.230909
110	1042257865													0.734434	-0.934307	3.620392	-0.252250	-0.018875	-0.967478	-0.309732	-0.945635	0.099205	-0.916753	0.324683	0.232690
111	1042274532													-0.349038	-0.793449	5.072580	-0.245676	-0.016973	-0.969203	-0.222654	-0.972126	0.073463	-0.943434	0.233845	0.235049
112	1042291199													-1.144422	-1.767295	5.776751	-0.241562	-0.019290	-0.970194	-0.131990	-0.989857	0.052544	-0.961367	0.140749	0.236566
113	1042307866													-1.488732	-3.632419	6.895317	-0.238819	-0.026330	-0.970707	-0.041044	-0.998465	0.037181	-0.970196	0.048721	0.237371
114	1042324533													-1.973449	-6.486318	7.728689	-0.235417	-0.036604	-0.971205	0.046188	-0.998583	0.026440	-0.970796	-0.038634	0.236774
115	1042341200													-2.752711	-11.476181	8.333746	-0.230160	-0.046044	-0.972063	0.125675	-0.991922	0.017228	-0.965004	-0.118199	0.234087
116	1042357867													-1.742404	-13.475700	5.915616	-0.219362	-0.058085	-0.973913	0.193419	-0.981002	0.014942	-0.956279	-0.185096	0.226429
117	1042374534													2.099613	-13.879223	-1.527232	-0.208333	-0.080464	-0.974742	0.247571	-0.968493	0.027035	-0.946206	-0.235686	0.221690
118	1042391201													4.073679	-17.615267	-6.558465	-0.200925	-0.102732	-0.974205	0.281459	-0.958608	0.043037	-0.938301	-0.265552	0.221524
119	1042407868													3.377395	-18.851880	-7.190860	-0.197962	-0.121344	-0.972670	0.294023	-0.953965	0.059170	-0.935073	-0.274274	0.224527
120	1042424535													1.426933	-17.703747	-6.585596	-0.198929	-0.138431	-0.970188	0.285326	-0.955268	0.077799	-0.937559	-0.261343	0.229529
121	1042441202													-0.145181	-15.718610	-5.022075	-0.200464	-0.157519	-0.966955	0.257428	-0.960777	0.103144	-0.945275	-0.228245	0.233151
122	1042457869													-1.150603	-13.752630	-2.635496	-0.202945	-0.179042	-0.962682	0.215573	-0.967190	0.134435	-0.955166	-0.180245	0.234883
123	1042474536													0.490007	15.508185	12.861498	-0.208948	-0.174064	-0.962311	0.177078	-0.974499	0.137820	-0.961761	-0.141607	0.234442
124	1042491203													-16.514517	26.404743	15.470444	-0.201314	-0.206740	-0.957461	0.176871	-0.969078	0.172060	-0.963426	-0.134709	0.231656
125	1042507870													-2.693154	-18.228827	-3.998231	-0.201810	-0.253529	-0.946042	0.156102	-0.961895	0.224478	-0.966905	-0.102377	0.233696
126	1042524537													5.317873	-22.253462	-5.161865	-0.206823	-0.291675	-0.933890	0.103828	-0.955681	0.275487	-0.972854	-0.039986	0.227941
127	1042541204													7.538694	6.476168	2.791800	-0.215235	-0.296308	-0.930524	0.072476	-0.955076	0.287362	-0.973869	-0.005590	0.227041
128	1042557871													-2.055019	-10.817959	1.377321	-0.233403	-0.317709	-0.919013	0.055100	-0.947919	0.313708	-0.970818	0.022583	0.238753
129	1042574538													-3.993900	-4.537047	1.281159	-0.239536	-0.309637	-0.920189	0.018767	-0.949081	0.314474	-0.970706	0.058059	0.233150
130	1042591205													-0.985415	-4.544174	-0.231456	-0.249641	-0.305403	-0.918917	-0.009698	-0.948126	0.317746	-0.968290	0.088234	0.233729
131	1042607872													0.108192	-4.335602	-0.558867	-0.260103	-0.284491	-0.922720	-0.039030	-0.951732	0.304438	-0.964792	0.115199	0.236445
132	1042624539													-0.460940	-0.933769	-0.341870	-0.270057	-0.258959	-0.927367	-0.065417	-0.955993	0.286002	-0.960619	0.137902	0.241233
133	1042641206													0.525001	0.556106	0.062904	-0.278982	-0.242450	-0.929186	-0.086039	-0.957401	0.275645	-0.956434	0.156847	0.246237
134	1042657873													1.452637	2.581566	0.367470	-0.285592	-0.237803	-0.928379	-0.102848	-0.955525	0.276395	-0.952817	0.174418	0.248433
135	1042674540													0.450999	0.504087	1.270727	-0.290171	-0.243168	-0.925565	-0.116956	-0.950916	0.286495	-0.949801	0.191383	0.247489
136	1042691207													-0.317772	-0.707005	0.828941	-0.292504	-0.251889	-0.922493	-0.129719	-0.945316	0.299251	-0.947425	0.207197	0.243834
137	1042707874													-0.273734	-1.650847	0.007976	-0.294303	-0.257888	-0.920261	-0.141459	-0.940545	0.308811	-0.945185	0.221063	0.240324
138	1042724541													0.106178	-1.256005	-0.359629	-0.295603	-0.259169	-0.919484	-0.152728	-0.937296	0.313290	-0.943023	0.233040	0.237485
139	1042741208													-0.195003	-0.219312	0.196273	-0.296475	-0.259823	-0.919018	-0.163221	-0.934340	0.316810	-0.940990	0.243929	0.234600
140	1042757875													-0.241409	0.021339	0.928439	-0.297260	-0.263473	-0.917725	-0.171915	-0.930695	0.322881	-0.939192	0.253750	0.231364
141	1042774542													-0.083284	-0.466949	0.837082	-0.297822	-0.268570	-0.916064	-0.178875	-0.926913	0.329904	-0.937713	0.262113	0.228014
142	1042791209													-0.305929	-1.309787	0.433507	-0.298203	-0.270780	-0.915289	-0.185417	-0.924217	0.333830	-0.936320	0.269259	0.225397
143	1042807876													-0.397963	-1.384117	0.207370	-0.298530	-0.267645	-0.916104	-0.191969	-0.923417	0.332339	-0.934894	0.275076	0.224288
144	1042824543													-0.334743	-0.471773	0.133155	-0.298947	-0.260652	-0.917982	-0.198110	-0.924063	0.326894	-0.933479	0.279586	0.224608
145	1042841210													-0.130944	0.250895	0.231152	-0.299443	-0.253473	-0.919829	-0.203724	-0.924847	0.321177	-0.932111	0.283565	0.225301
146	1042857877													0.026469	0.728096	0.405107	-0.299658	-0.247705	-0.921329	-0.209044	-0.925192	0.316734	-0.930863	0.287510	0.225459
147	1042874544													0.089572	0.704803	0.302370	-0.300174	-0.244230	-0.922089	-0.214254	-0.924704	0.314670	-0.929511	0.292017	0.225245
148	1042891211													0.017970	0.308353	0.306931	-0.300902	-0.241789	-0.922495	-0.219675	-0.923738	0.313769	-0.928009	0.297063	0.224839
149	1042907878													-0.119195	0.251382	0.347585	-0.301594	-0.237494	-0.923384	-0.226098	-0.923039	0.311253	-0.926240	0.302647	0.224686
150	1042924545													0.098301	0.430105	0.339744	-0.302393	-0.230799	-0.924819	-0.234151	-0.922526	0.306789	-0.923976	0.309318	0.224924
151	1042941212													0.770168	0.850632	-0.128009	-0.303196	-0.222178	-0.926665	-0.244241	-0.921838	0.300934	-0.921096	0.317572	0.225233
152	1042957879													0.899286	1.091465	0.086278	-0.303852	-0.212557	-0.928705	-0.256233	-0.920645	0.294546	-0.917616	0.327464	0.225276
153	1042974546													0.395117	1.200575	0.341918	-0.304170	-0.203315	-0.930668	-0.269961	-0.918512	0.288890	-0.913565	0.339116	0.224497
154	1042991213													0.294021	1.274182	0.326943	-0.304286	-0.195605	-0.932282	-0.285264	-0.915064	0.285099	-0.908864	0.352698	0.222642
155	1043007880													0.390202	1.085444	0.650534	-0.303795	-0.188528	-0.933898	-0.302350	-0.910480	0.282154	-0.903489	0.368081	0.219598
156	1043024547													0.547144	1.384189	0.984864	-0.302816	-0.181252	-0.935655	-0.321430	-0.904805	0.279303	-0.897210	0.385325	0.215730
157	1043041214													-0.210970	1.363051	1.413185	-0.301286	-0.172853	-0.937736	-0.342818	-0.898040	0.275680	-0.889777	0.404531	0.211310
158	1043057881													-0.625410	1.713323	1.576505	-0.299481	-0.164442	-0.939824	-0.366386	-0.889690	0.272421	-0.880950	0.425924	0.206196
159	1043074548													-0.515214	1.970368	2.294869	-0.297043	-0.157122	-0.941848	-0.391481	-0.879620	0.270207	-0.870924	0.448979	0.199775
160	1043091215													-0.396857	2.647416	2.980696	-0.293003	-0.151315	-0.944062	-0.418212	-0.867646	0.268865	-0.859795	0.473597	0.190941
161	1043107882													0.452001	3.297359	2.953644	-0.287189	-0.146096	-0.946667	-0.446978	-0.853662	0.267342	-0.847191	0.499917	0.179861
162	1043124549													1.171557	4.523570	4.823776	-0.278091	-0.141706	-0.950045	-0.478403	-0.837229	0.264914	-0.832944	0.528174	0.165033
163	1043141216													1.359603	5.936691	3.617907	-0.269315	-0.137262	-0.953220	-0.511370	-0.818346	0.262319	-0.816070	0.558094	0.150201
164	1043157883													0.044887	6.404680	3.598829	-0.258459	-0.130182	-0.957210	-0.547509	-0.796622	0.256177	-0.795885	0.590293	0.134618
165	1043174550													0.267798	8.453037	2.851353	-0.246347	-0.121147	-0.961580	-0.586114	-0.771546	0.247361	-0.771870	0.624532	0.119062
166	1043191217													0.291918	10.066943	2.439730	-0.234812	-0.110271	-0.965766	-0.624517	-0.744241	0.236820	-0.744877	0.658746	0.105891
167	1043207884													0.662583	10.039082	0.372649	-0.222077	-0.096253	-0.970267	-0.661801	-0.715902	0.222494	-0.716031	0.691534	0.095285
168	1043224551													2.020681	10.843082	-2.713601	-0.208084	-0.078622	-0.974946	-0.697021	-0.687361	0.204196	-0.686195	0.722048	0.088228
169	1043241218													4.500821	11.330630	-6.222640	-0.204342	-0.066391	-0.976646	-0.727294	-0.657486	0.196865	-0.655201	0.750536	0.086066
170	1043257885													5.434131	5.934781	-2.394512	-0.219908	-0.067860	-0.973158	-0.752884	-0.622547	0.213543	-0.620327	0.779635	0.085812
171	1043274552													3.094189	4.818323	3.043705	-0.231146	-0.068420	-0.970510	-0.779682	-0.583642	0.226843	-0.581951	0.809123	0.081561
172	1043291219													3.598397	10.251549	-0.282961	-0.233947	-0.071249	-0.969635	-0.798617	-0.554719	0.233446	-0.554508	0.828981	0.072875
173	1043307886													3.688434	8.780061	-2.785019	-0.238343	-0.069526	-0.968689	-0.807579	-0.539847	0.237449	-0.539453	0.838887	0.072521
174	1043324553													2.938782	7.372336	-3.731984	-0.245702	-0.065386	-0.967138	-0.812754	-0.529830	0.242302	-0.528262	0.845579	0.077038
175	1043341220													2.909187	6.353342	-4.859417	-0.254161	-0.063359	-0.965084	-0.814331	-0.524330	0.248882	-0.521792	0.849154	0.081669
176	1043357887													3.196737	5.032173	-6.458722	-0.267235	-0.066010	-0.961368	-0.809367	-0.526070	0.261104	-0.522982	0.847876	0.087158
177	1043374554													2.941446	4.295163	-6.656187	-0.283736	-0.073607	-0.956073	-0.797473	-0.535546	0.277899	-0.532476	0.841292	0.093254
178	1043391221													2.617721	4.041166	-6.443732	-0.300248	-0.085306	-0.950039	-0.778467	-0.553650	0.295738	-0.551217	0.828369	0.099824
179	1043407888													2.329434	4.051710	-6.291805	-0.314242	-0.099739	-0.944089	-0.751901	-0.580965	0.311648	-0.579566	0.807795	0.107570
180	1043424555													2.049892	3.807105	-5.721844	-0.326488	-0.116696	-0.937970	-0.717028	-0.615996	0.326220	-0.615854	0.779058	0.117441
181	1043441222													1.909215	3.240783	-4.713721	-0.334900	-0.134275	-0.932637	-0.674299	-0.657205	0.336753	-0.658151	0.741655	0.129556
182	1043457889													1.224914	2.582946	-3.828683	-0.336847	-0.148887	-0.929713	-0.624886	-0.703262	0.339027	-0.704309	0.695165	0.143855
183	1043474556													0.277829	1.822654	-2.452709	-0.332177	-0.157055	-0.930049	-0.569628	-0.752514	0.330524	-0.751786	0.639575	0.160505
184	1043491223													-0.269129	1.159557	-0.514952	-0.323343	-0.158834	-0.932856	-0.507844	-0.802692	0.312699	-0.798463	0.574854	0.178881
185	1043507890													-0.743030	0.782361	1.133645	-0.311272	-0.153917	-0.937774	-0.440170	-0.851212	0.285813	-0.842235	0.501745	0.197209
186	1043524557													-1.512842	0.632051	2.160561	-0.298455	-0.142844	-0.943674	-0.365567	-0.896225	0.251279	-0.881638	0.419972	0.215264
187	1043541224													-2.655926	0.964721	3.446797	-0.289904	-0.134607	-0.947542	-0.282419	-0.933939	0.219082	-0.914437	0.331117	0.232738
188	1043557891													-3.723572	0.355077	5.279183	-0.284722	-0.135416	-0.948997	-0.193462	-0.961485	0.195241	-0.938886	0.239184	0.247558
189	1043574558													-4.163137	-0.988109	6.702414	-0.279789	-0.145138	-0.949028	-0.102226	-0.978384	0.179765	-0.954604	0.147312	0.258904
190	1043591225													-4.469572	-2.855121	7.990545	-0.272832	-0.164355	-0.947919	-0.010948	-0.984705	0.173884	-0.962000	0.057819	0.266859
191	1043607892													-4.204495	-5.794848	8.458078	-0.262527	-0.192468	-0.945534	0.076260	-0.980979	0.178509	-0.961906	-0.025242	0.272211
192	1043624559													-3.656522	-9.704368	7.207077	-0.249513	-0.227539	-0.941259	0.155781	-0.968774	0.192895	-0.955759	-0.098500	0.277168
193	1043641226													-2.813129	-14.560906	2.833682	-0.232974	-0.264323	-0.935872	0.222586	-0.951300	0.213270	-0.946667	-0.158626	0.280463
194	1043657893													-1.816563	-17.733843	-3.817544	-0.216588	-0.297904	-0.929700	0.270048	-0.933429	0.236187	-0.938170	-0.199909	0.282618
195	1043674560													-1.962882	-19.814415	-7.086309	-0.203927	-0.324735	-0.923559	0.295516	-0.919795	0.258160	-0.933319	-0.220280	0.283536
196	1043691227													-1.958019	-20.604156	-8.299399	-0.197372	-0.341900	-0.918776	0.299691	-0.913387	0.275515	-0.933397	-0.220970	0.282742
197	1043707894													-2.315834	-18.052551	-6.449157	-0.196394	-0.351694	-0.915282	0.284007	-0.913850	0.290204	-0.938493	-0.202952	0.279358
198	1043724561													-2.138913	-15.244342	-3.583892	-0.198844	-0.357564	-0.912474	0.252162	-0.918386	0.304930	-0.947035	-0.169458	0.272780
199	1043741228													8.876148	12.465116	13.955992	-0.216143	-0.328440	-0.919462	0.222074	-0.933577	0.281278	-0.950771	-0.143393	0.274724
200	1043757895													-11.328202	9.421328	11.528145	-0.218604	-0.347715	-0.911760	0.219401	-0.927950	0.301285	-0.950829	-0.134179	0.279142
201	1043774562													-4.680628	-24.945168	-3.713068	-0.227958	-0.356630	-0.906008	0.181233	-0.929787	0.320390	-0.956655	-0.091163	0.276586
202	1043791229													1.123643	-3.059312	0.478982	-0.232660	-0.343848	-0.909746	0.129010	-0.938061	0.321557	-0.963964	-0.042553	0.262609
203	1043807896													3.247848	5.803721	-0.453624	-0.241188	-0.347453	-0.906149	0.104113	-0.937588	0.331796	-0.964878	-0.014317	0.262309
204	1043824563													0.584840	-12.179367	-0.680350	-0.259525	-0.362357	-0.895178	0.080242	-0.931824	0.353927	-0.962397	0.020022	0.270908
205	1043841230													-3.878255	-1.933638	1.708885	-0.266123	-0.349901	-0.898191	0.047312	-0.935411	0.350383	-0.962777	0.050749	0.265489
206	1043857897													-1.923433	-5.410576	0.358868	-0.278351	-0.345223	-0.896293	0.023793	-0.935365	0.352883	-0.960185	0.076900	0.268573
207	1043874564													-0.936641	-3.323551	0.562169	-0.289313	-0.329442	-0.898758	0.000309	-0.938943	0.344072	-0.957234	0.099267	0.271751
208	1043891231													0.092704	-0.536535	-0.624078	-0.299292	-0.311957	-0.901725	-0.020448	-0.942730	0.332930	-0.953942	0.118082	0.275773
209	1043907898													1.213046	0.618111	0.487584	-0.308863	-0.301618	-0.902014	-0.039817	-0.943452	0.329108	-0.950273	0.137564	0.279388
210	1043924565													0.984389	0.713934	0.283460	-0.315392	-0.295840	-0.901669	-0.058001	-0.942377	0.329485	-0.947187	0.156215	0.280059
211	1043941232													-0.169277	-0.789932	1.080463	-0.320939	-0.294913	-0.900014	-0.073271	-0.939704	0.334046	-0.944261	0.173153	0.279979
212	1043957899													-0.394664	-0.847090	0.541987	-0.324466	-0.294714	-0.898814	-0.086210	-0.937054	0.338374	-0.941961	0.187278	0.278635
213	1043974566													-0.309268	-1.111882	0.133858	-0.327630	-0.294204	-0.897832	-0.097427	-0.934696	0.341836	-0.939769	0.199469	0.277571
214	1043991233													-0.240625	-1.110658	0.323910	-0.329673	-0.290635	-0.898247	-0.107628	-0.933664	0.341596	-0.937940	0.209291	0.276523
215	1044007900													-0.392322	-0.486009	0.555132	-0.330522	-0.285144	-0.899693	-0.117160	-0.933499	0.338900	-0.936498	0.217422	0.275135
216	1044024567													-0.039590	-0.016661	0.507541	-0.331387	-0.281434	-0.900543	-0.125043	-0.932955	0.337578	-0.935172	0.224475	0.273977
217	1044041234													0.262354	0.024659	0.344913	-0.332791	-0.279455	-0.900642	-0.131351	-0.932033	0.337729	-0.933808	0.230693	0.273466
218	1044057901													0.144059	0.051037	0.215176	-0.334456	-0.277954	-0.900489	-0.137041	-0.931015	0.338276	-0.932394	0.236542	0.273292
219	1044074568													-0.052536	-0.009764	0.196009	-0.338291	-0.278281	-0.898955	-0.140955	-0.929515	0.340784	-0.930425	0.241996	0.275221
220	1044091235													-0.179112	-0.292707	0.172197	-0.341982	-0.275667	-0.898363	-0.145825	-0.928855	0.340535	-0.928323	0.247461	0.277453
221	1044107902													0.209536	0.121524	0.204482	-0.345032	-0.270663	-0.898718	-0.151916	-0.928789	0.338042	-0.926215	0.253165	0.279344
222	1044124569													0.290159	0.432265	0.218090	-0.347404	-0.264911	-0.899518	-0.158815	-0.928785	0.334866	-0.924169	0.259191	0.280592
223	1044141236													0.233705	0.358057	0.170201	-0.349374	-0.258999	-0.900476	-0.166321	-0.928633	0.331629	-0.922104	0.265630	0.281364
224	1044157903													0.265427	0.196789	0.216765	-0.351179	-0.252402	-0.901647	-0.174382	-0.928500	0.327838	-0.919926	0.272361	0.282056
225	1044174570													0.343811	0.191770	0.344426	-0.352623	-0.244420	-0.903281	-0.183222	-0.928567	0.322789	-0.917653	0.279324	0.282650
226	1044191237													0.462300	0.238626	0.454350	-0.353721	-0.234898	-0.905375	-0.192795	-0.928857	0.316314	-0.915266	0.286438	0.283270
227	1044207904													0.426220	0.133064	0.652163	-0.354338	-0.223638	-0.907981	-0.203131	-0.929387	0.308183	-0.912788	0.293640	0.283890
228	1044224571													0.462173	0.488868	0.548245	-0.354260	-0.210862	-0.911064	-0.214499	-0.929949	0.298639	-0.910214	0.301218	0.284214
229	1044241238													0.606092	1.110358	0.099015	-0.353540	-0.197880	-0.914250	-0.227370	-0.929879	0.289186	-0.907366	0.310112	0.283758
230	1044257905													0.744665	1.532618	0.000744	-0.352306	-0.185075	-0.917403	-0.242356	-0.928772	0.280439	-0.903960	0.321138	0.282358
231	1044274572													0.584043	1.808260	0.256293	-0.350788	-0.172730	-0.920387	-0.260031	-0.926225	0.272932	-0.899628	0.335071	0.279993
232	1044291239													0.434176	1.939568	0.672274	-0.349134	-0.161183	-0.923106	-0.280178	-0.922077	0.266972	-0.894207	0.351843	0.276769
233	1044307906													0.187091	1.629778	1.141916	-0.347490	-0.149606	-0.925672	-0.302571	-0.916494	0.261705	-0.887526	0.371021	0.273206
234	1044324573													-0.344423	1.429218	1.289964	-0.345742	-0.137387	-0.928217	-0.327073	-0.909536	0.256450	-0.879480	0.392261	0.269530
235	1044341240													-0.930734	1.474022	1.227777	-0.343903	-0.126097	-0.930500	-0.353438	-0.900685	0.252684	-0.869950	0.415773	0.265180
236	1044357907													-1.117609	1.824868	1.896816	-0.341640	-0.116851	-0.932538	-0.380994	-0.889833	0.251079	-0.859142	0.441070	0.259483
237	1044374574													-0.300355	2.476510	2.366818	-0.338972	-0.109194	-0.934438	-0.409380	-0.877157	0.251006	-0.847057	0.467625	0.252630
238	1044391241													0.070612	2.895701	2.787551	-0.334857	-0.102031	-0.936728	-0.439374	-0.862521	0.251014	-0.833559	0.495628	0.243991
239	1044407908													-0.190283	3.834855	3.628599	-0.329180	-0.094940	-0.939482	-0.471456	-0.845524	0.250635	-0.818150	0.525429	0.233570
240	1044424575													0.227172	5.982252	3.596690	-0.321598	-0.088283	-0.942752	-0.505742	-0.825713	0.249845	-0.800500	0.557139	0.220899
241	1044441242													-0.487973	5.931395	3.918405	-0.315049	-0.079965	-0.945701	-0.541421	-0.803253	0.248288	-0.779492	0.590246	0.209769
242	1044457909													-1.104271	7.382262	2.713106	-0.305998	-0.068686	-0.949551	-0.580235	-0.777288	0.243209	-0.754780	0.625385	0.197994
243	1044474576													-0.548598	9.907058	2.622247	-0.295987	-0.056535	-0.953518	-0.619889	-0.748113	0.236779	-0.726725	0.661158	0.186386
244	1044491243													-1.099484	11.452620	1.531666	-0.286311	-0.040741	-0.957270	-0.657974	-0.717902	0.227348	-0.696488	0.694951	0.178737
245	1044507910													0.323199	13.086682	-1.693947	-0.271012	-0.018600	-0.962396	-0.694401	-0.688613	0.208853	-0.666603	0.724890	0.173706
246	1044524577													1.333423	11.669266	-5.229309	-0.260260	0.004245	-0.965529	-0.726385	-0.659663	0.192898	-0.636105	0.751550	0.174767
247	1044541244													2.972298	5.104529	-1.644803	-0.267458	0.013786	-0.963471	-0.752553	-0.627448	0.199930	-0.601772	0.778536	0.178191
248	1044557911													2.999941	2.840330	2.298334	-0.277505	0.021339	-0.960487	-0.779685	-0.589127	0.212179	-0.561322	0.807758	0.180123
249	1044574578													2.935418	11.357044	-0.846480	-0.276584	0.022385	-0.960729	-0.800089	-0.559136	0.217309	-0.532314	0.828773	0.172558
250	1044591245													0.890163	10.392047	-4.367855	-0.275499	0.021685	-0.961057	-0.807169	-0.548188	0.219016	-0.522090	0.836074	0.168529
251	1044607912													1.585215	7.298056	-3.962762	-0.278636	0.024011	-0.960097	-0.809869	-0.543204	0.221453	-0.516211	0.839257	0.170802
252	1044624579													1.936501	5.334880	-5.036644	-0.282932	0.023816	-0.958844	-0.808251	-0.544165	0.224979	-0.516411	0.838640	0.173211
253	1044641246													2.402517	3.596430	-7.256279	-0.289216	0.017610	-0.957102	-0.799865	-0.553730	0.231514	-0.525899	0.832510	0.174233
254	1044657913													2.516688	3.333898	-7.797788	-0.299374	0.004847	-0.954124	-0.783382	-0.572114	0.242894	-0.544690	0.820160	0.175073
255	1044674580													2.053280	4.022160	-6.959557	-0.311358	-0.013647	-0.950195	-0.759744	-0.597051	0.257527	-0.570829	0.802088	0.175528
256	1044691247													1.988897	4.304348	-5.542228	-0.324131	-0.036799	-0.945296	-0.729248	-0.626797	0.274450	-0.602608	0.778313	0.176329
257	1044707914													2.203767	3.941317	-4.330576	-0.336051	-0.063037	-0.939732	-0.691347	-0.661078	0.291573	-0.639616	0.747665	0.178576
258	1044724581													1.942487	2.841959	-3.144407	-0.342733	-0.088711	-0.935235	-0.646263	-0.700271	0.303258	-0.681820	0.708344	0.182675
259	1044741248													1.046380	2.193795	-2.167961	-0.341083	-0.108935	-0.933700	-0.594771	-0.744161	0.304093	-0.727949	0.659058	0.189029
260	1044757915													-0.137363	1.742260	-0.845558	-0.331350	-0.120932	-0.935726	-0.537708	-0.790730	0.292601	-0.775291	0.600101	0.196982
261	1044774582													-0.931518	0.950786	0.806596	-0.315573	-0.123667	-0.940808	-0.475794	-0.837205	0.269643	-0.820996	0.532723	0.205359
262	1044791249													-1.312447	-0.060953	1.951197	-0.296920	-0.119554	-0.947389	-0.408927	-0.880635	0.239291	-0.862912	0.458463	0.212589
263	1044807916													-1.512366	-0.856185	2.598376	-0.278483	-0.108736	-0.954266	-0.337011	-0.919332	0.203105	-0.899372	0.378160	0.219373
264	1044824583													-1.815991	-1.325639	3.627662	-0.264086	-0.096354	-0.959674	-0.258677	-0.951469	0.166714	-0.929163	0.292273	0.226345
265	1044841250													-2.525698	-1.216296	4.651421	-0.254435	-0.090671	-0.962830	-0.175505	-0.974734	0.138171	-0.951031	0.204137	0.232094
266	1044857917													-2.850619	-1.478088	5.798398	-0.247056	-0.095991	-0.964235	-0.089769	-0.988535	0.121411	-0.964834	0.116553	0.235606
267	1044874584													-2.600371	-4.351496	7.107868	-0.238869	-0.111274	-0.964655	-0.005822	-0.993231	0.116012	-0.971034	0.033328	0.236604
268	1044891251													-2.399136	-8.496901	6.680187	-0.228688	-0.131215	-0.964616	0.071641	-0.990456	0.117746	-0.970860	-0.042179	0.235906
269	1044907918													-2.022264	-12.143586	4.443512	-0.217165	-0.152606	-0.964132	0.140111	-0.982349	0.123931	-0.966027	-0.108172	0.234713
270	1044924585													-1.050878	-13.480293	0.382218	-0.203222	-0.176202	-0.963148	0.195312	-0.971201	0.136465	-0.959455	-0.160382	0.231784
271	1044941252													0.389902	-16.096731	-3.832012	-0.190745	-0.200528	-0.960940	0.232640	-0.960260	0.154208	-0.953675	-0.194138	0.229815
272	1044957919													0.565737	-18.024532	-5.991086	-0.181793	-0.221579	-0.958047	0.251188	-0.952423	0.172615	-0.950713	-0.209269	0.228802
273	1044974586													-0.109925	-17.984417	-6.227130	-0.177424	-0.236931	-0.955188	0.250602	-0.949469	0.188963	-0.951693	-0.205845	0.227834
274	1044991253													-0.751354	-15.720973	-5.064473	-0.176492	-0.249781	-0.952082	0.232679	-0.950439	0.206217	-0.956405	-0.185134	0.225863
275	1045007920													-0.667584	-12.621445	-2.566580	-0.177343	-0.262016	-0.948629	0.201120	-0.953214	0.225684	-0.963380	-0.150765	0.221742
276	1045024587													3.726720	18.948414	14.396280	-0.189646	-0.235821	-0.953112	0.175320	-0.963261	0.203448	-0.966073	-0.128516	0.224022
277	1045041254													-9.402641	4.107826	8.257246	-0.187289	-0.269585	-0.944588	0.171493	-0.955810	0.238784	-0.967219	-0.117268	0.225245
278	1045057921													-2.600699	-20.756440	-2.594713	-0.194190	-0.281643	-0.939663	0.136997	-0.956297	0.258317	-0.971351	-0.078569	0.224288
279	1045074588													3.947890	-6.179102	-0.758235	-0.200276	-0.281698	-0.938369	0.091117	-0.958978	0.268438	-0.975493	-0.031740	0.217728
