// Start Time: Unknown
// Update Rate: 100.0Hz
//Filter Profile: human (46.1)
// Option Flags: AHS Disabled ICC Disabled
// Firmware Version: 4.0.2
PacketCounter	SampleTimeFine	Year	Month	Day	Second	UTC_Nano	UTC_Year	UTC_Month	UTC_Day	UTC_Hour	UTC_Minute	UTC_Second	UTC_Valid	Acc_X	Acc_Y	Acc_Z	Mat[1][1]	Mat[1][2]	Mat[1][3]	Mat[2][1]	Mat[2][2]	Mat[2][3]	Mat[3][1]	Mat[3][2]	Mat[3][3]
1	1040424495													-1.000168	-15.187057	-7.921004	0.224061	-0.653273	-0.723209	0.335326	-0.645089	0.686598	-0.915070	-0.396350	0.074520
2	1040441162													0.542251	-14.041570	-6.246111	0.205966	-0.616687	-0.759786	0.336059	-0.684636	0.646791	-0.919044	-0.388550	0.066232
3	1040457829													1.569808	-11.651844	-3.336946	0.180263	-0.580317	-0.794189	0.327470	-0.725949	0.604782	-0.927507	-0.369093	0.059174
4	1040474496													2.186335	-8.804549	-1.242796	0.152762	-0.548485	-0.822088	0.308973	-0.763645	0.566906	-0.938722	-0.340604	0.052811
5	1040491163													6.566552	6.151934	7.821045	0.127926	-0.502828	-0.854868	0.291385	-0.804855	0.517014	-0.948014	-0.315235	0.043555
6	1040507830													-0.505231	31.564070	15.972082	0.147148	-0.503806	-0.851192	0.284312	-0.802699	0.524253	-0.947372	-0.319147	0.025123
7	1040524497													14.929790	-2.294699	-8.650092	0.135557	-0.559930	-0.817375	0.261258	-0.775590	0.574634	-0.955703	-0.291442	0.041150
8	1040541164													-1.220146	-17.105091	1.226412	0.117957	-0.603783	-0.788373	0.231780	-0.755246	0.613092	-0.965590	-0.255047	0.050858
9	1040557831													-10.000983	-6.801727	9.633005	0.106637	-0.594817	-0.796757	0.195882	-0.773054	0.603339	-0.974812	-0.220409	0.034078
10	1040574498													1.003959	-7.324301	-2.286300	0.098850	-0.593905	-0.798439	0.162723	-0.781921	0.601765	-0.981708	-0.189409	0.019349
11	1040591165													2.745845	-2.846633	-1.105517	0.083085	-0.568777	-0.818285	0.139367	-0.806423	0.574682	-0.986749	-0.161789	0.012267
12	1040607832													1.933075	-0.451850	-0.182939	0.073138	-0.556120	-0.827877	0.116413	-0.819666	0.560889	-0.990504	-0.137398	0.004791
13	1040624499													1.191754	0.144870	-0.073215	0.064930	-0.549603	-0.832899	0.092880	-0.827708	0.553419	-0.993558	-0.113293	-0.002696
14	1040641166													1.547613	0.688914	-0.229728	0.057295	-0.550833	-0.832646	0.069340	-0.829807	0.553726	-0.995946	-0.089462	-0.009349
15	1040657833													1.017617	-0.640310	-0.028234	0.050475	-0.552480	-0.831997	0.046355	-0.830865	0.554540	-0.997649	-0.066558	-0.016328
16	1040674500													0.428455	-1.497692	0.017330	0.045659	-0.549604	-0.834176	0.025751	-0.834122	0.550978	-0.998625	-0.046638	-0.023932
17	1040691167													0.187584	-0.981056	0.069884	0.039964	-0.548307	-0.835322	0.008182	-0.835782	0.549001	-0.999168	-0.028775	-0.028915
18	1040707834													0.551726	-0.994001	0.339649	0.032777	-0.547874	-0.835918	-0.006914	-0.836472	0.547966	-0.999439	-0.012181	-0.031205
19	1040724501													0.344713	-0.898697	0.120611	0.025687	-0.546006	-0.837388	-0.019847	-0.837778	0.545651	-0.999473	0.002604	-0.032356
20	1040741168													0.649969	-1.947687	-0.023616	0.020023	-0.541568	-0.840418	-0.029908	-0.840535	0.540931	-0.999352	0.014304	-0.033028
21	1040757835													0.663215	-1.051092	0.279831	0.016129	-0.535073	-0.844652	-0.037302	-0.844495	0.534262	-0.999174	0.022890	-0.033580
22	1040774502													1.088691	-0.753230	0.326365	0.012820	-0.529128	-0.848445	-0.043129	-0.848018	0.528210	-0.998987	0.029820	-0.033693
23	1040791169													1.522038	-0.111620	0.559498	0.009917	-0.524706	-0.851226	-0.048168	-0.850530	0.523716	-0.998790	0.035809	-0.033709
24	1040807836													1.606527	0.270261	0.715405	0.007316	-0.522020	-0.852902	-0.052911	-0.851932	0.520972	-0.998572	0.041316	-0.033853
25	1040824503													1.481306	0.188883	0.008347	0.004934	-0.520658	-0.853751	-0.057173	-0.852512	0.519572	-0.998352	0.046248	-0.033974
26	1040841170													0.864451	0.263449	-0.413818	0.002833	-0.519001	-0.854769	-0.061097	-0.853265	0.517886	-0.998128	0.050757	-0.034127
27	1040857837													0.533109	0.456718	-0.489052	0.000657	-0.517535	-0.855662	-0.064993	-0.853875	0.516405	-0.997886	0.055272	-0.034197
28	1040874504													0.608261	0.720216	0.039820	-0.001437	-0.515379	-0.856961	-0.069122	-0.854861	0.514232	-0.997607	0.059974	-0.034395
29	1040891171													0.455523	1.237695	-0.028032	-0.003932	-0.513340	-0.858177	-0.073934	-0.855685	0.512188	-0.997255	0.065462	-0.034588
30	1040907838													0.444565	1.436489	-0.339436	-0.007491	-0.511943	-0.858986	-0.079859	-0.855961	0.510836	-0.996778	0.072424	-0.034472
31	1040924505													0.707637	1.455354	-0.634512	-0.012003	-0.512269	-0.858741	-0.087196	-0.854995	0.511254	-0.996119	0.081015	-0.034405
32	1040941172													0.753427	1.068069	-0.283809	-0.017454	-0.513371	-0.857990	-0.096112	-0.853285	0.512511	-0.995217	0.091409	-0.034448
33	1040957839													0.687724	1.064716	-0.096736	-0.023703	-0.514877	-0.856936	-0.106222	-0.851028	0.514265	-0.994060	0.103215	-0.034520
34	1040974506													0.619325	0.834860	-0.089760	-0.030848	-0.516593	-0.855675	-0.117056	-0.848325	0.516375	-0.992646	0.116091	-0.034301
35	1040991173													0.616692	0.663001	0.064322	-0.038589	-0.517752	-0.854660	-0.128402	-0.845637	0.518084	-0.990971	0.129732	-0.033848
36	1041007840													0.964552	0.631746	0.204238	-0.046939	-0.518809	-0.853601	-0.140145	-0.842670	0.519872	-0.989018	0.144030	-0.033154
37	1041024507													1.043495	0.541941	0.275653	-0.056103	-0.519744	-0.852478	-0.152327	-0.839371	0.521778	-0.986736	0.159129	-0.032080
38	1041041174													1.098195	0.624782	0.167315	-0.065845	-0.520648	-0.851229	-0.165008	-0.835653	0.523885	-0.984092	0.174955	-0.030888
39	1041057841													0.963257	0.624015	0.149976	-0.076371	-0.520814	-0.850247	-0.178574	-0.831806	0.525557	-0.980958	0.191969	-0.029477
40	1041074508													0.855497	0.785012	0.117300	-0.087843	-0.520118	-0.849565	-0.193180	-0.827776	0.526753	-0.977223	0.210390	-0.027762
41	1041091175													0.692908	0.738381	0.193602	-0.100332	-0.518237	-0.849332	-0.208785	-0.823666	0.527240	-0.972801	0.230227	-0.025560
42	1041107842													0.812365	0.767589	0.492092	-0.113857	-0.515222	-0.849460	-0.225158	-0.819392	0.527163	-0.967647	0.251284	-0.022713
43	1041124509													0.946843	1.151955	0.744091	-0.128700	-0.511456	-0.849617	-0.242205	-0.814585	0.527056	-0.961651	0.273613	-0.019040
44	1041141176													0.580253	1.759694	0.860620	-0.144965	-0.507769	-0.849209	-0.260011	-0.808560	0.527849	-0.954662	0.297323	-0.014813
45	1041157843													0.721789	1.632962	0.754889	-0.163180	-0.504359	-0.847935	-0.278730	-0.800876	0.530008	-0.946405	0.322832	-0.009893
46	1041174510													0.698212	1.813338	0.887751	-0.183079	-0.500168	-0.846354	-0.298512	-0.791974	0.532604	-0.936682	0.350156	-0.004313
47	1041191177													1.141981	2.081173	1.959857	-0.204506	-0.494680	-0.844671	-0.319284	-0.782004	0.535283	-0.925330	0.379158	0.001981
48	1041207844													0.817066	4.196163	4.344679	-0.227810	-0.485582	-0.843986	-0.341738	-0.771767	0.536274	-0.911766	0.410591	0.009874
49	1041224511													1.884825	5.277220	2.287176	-0.251667	-0.479348	-0.840767	-0.364404	-0.757863	0.541159	-0.896590	0.442570	0.016053
50	1041241178													2.420470	5.250299	2.133405	-0.278853	-0.475454	-0.834377	-0.388396	-0.738775	0.550781	-0.878288	0.477655	0.021345
51	1041257845													2.664648	5.276024	3.325549	-0.307073	-0.471182	-0.826858	-0.413402	-0.716540	0.561845	-0.857208	0.514352	0.025242
52	1041274512													2.084133	8.145345	4.181500	-0.334835	-0.464746	-0.819693	-0.439823	-0.692244	0.572148	-0.833331	0.552095	0.027382
53	1041291179													2.205062	11.073184	1.851784	-0.361613	-0.458831	-0.811610	-0.465450	-0.665432	0.583572	-0.807832	0.588791	0.027066
54	1041307846													2.252322	14.849582	-1.175709	-0.390297	-0.454824	-0.800502	-0.488945	-0.634327	0.598801	-0.780129	0.625112	0.025192
55	1041324513													1.756802	12.948280	-3.121158	-0.422224	-0.453196	-0.785073	-0.507199	-0.599696	0.618963	-0.751316	0.659529	0.023346
56	1041341180													-0.583307	7.883044	-1.811730	-0.461319	-0.451876	-0.763540	-0.518358	-0.561164	0.645290	-0.720062	0.693472	0.024642
57	1041357847													-3.901708	3.764334	5.073508	-0.494402	-0.441291	-0.748885	-0.534992	-0.524550	0.662292	-0.685091	0.728086	0.023251
58	1041374514													-4.659316	6.307099	5.045339	-0.507756	-0.423962	-0.749959	-0.559406	-0.499780	0.661275	-0.655171	0.755298	0.016600
59	1041391181													-0.470061	5.637732	0.698294	-0.509572	-0.404144	-0.759608	-0.583595	-0.486379	0.650271	-0.632261	0.774663	0.011989
60	1041407848													-0.443636	8.417867	-3.166379	-0.493198	-0.382718	-0.781206	-0.610343	-0.487659	0.624235	-0.619868	0.784675	0.006923
61	1041424515													0.039042	8.590962	-6.370538	-0.476062	-0.371369	-0.797151	-0.628254	-0.490660	0.603780	-0.615356	0.788249	0.000271
62	1041441182													0.477208	6.654445	-7.447310	-0.464094	-0.367846	-0.805796	-0.636505	-0.494157	0.592174	-0.616019	0.787717	-0.004800
63	1041457849													0.219229	4.932379	-7.086224	-0.455382	-0.371027	-0.809300	-0.636461	-0.499955	0.587335	-0.622531	0.782550	-0.008474
64	1041474516													-0.068960	4.026551	-6.725221	-0.444576	-0.380523	-0.810897	-0.630004	-0.510696	0.585051	-0.636748	0.770968	-0.012688
65	1041491183													-0.025222	3.748929	-6.488864	-0.429909	-0.395188	-0.811791	-0.617251	-0.527541	0.583697	-0.658923	0.752016	-0.017136
66	1041507850													0.390125	4.036538	-5.950892	-0.411915	-0.413631	-0.811933	-0.597759	-0.549864	0.583381	-0.687758	0.725644	-0.020754
67	1041524517													0.601140	3.985220	-5.161540	-0.391184	-0.435202	-0.810910	-0.571368	-0.575899	0.584704	-0.721466	0.692055	-0.023378
68	1041541184													0.797716	3.848964	-4.571348	-0.366736	-0.459117	-0.809146	-0.538213	-0.604719	0.587062	-0.758836	0.650789	-0.025331
69	1041557851													1.221586	4.133161	-4.500262	-0.337750	-0.484890	-0.806725	-0.498109	-0.635156	0.590309	-0.798631	0.601214	-0.027004
70	1041574518													1.782563	4.245859	-3.715667	-0.306772	-0.514284	-0.800877	-0.449242	-0.663581	0.598199	-0.839091	0.543298	-0.027470
71	1041591185													2.205874	4.103127	-2.082952	-0.274272	-0.547255	-0.790751	-0.392045	-0.687217	0.611583	-0.878109	0.477750	-0.026064
72	1041607852													2.667927	3.454923	0.097158	-0.237941	-0.582643	-0.777117	-0.328458	-0.704690	0.628909	-0.914057	0.404894	-0.023699
73	1041624519													3.145694	2.710624	2.179747	-0.195884	-0.618062	-0.761334	-0.260161	-0.715799	0.648033	-0.945487	0.325009	-0.020582
74	1041641186													3.437052	1.652422	3.968720	-0.148561	-0.651591	-0.743881	-0.188441	-0.719792	0.668124	-0.970783	0.239435	-0.015853
75	1041657853													3.247720	-0.160819	5.531535	-0.097584	-0.682204	-0.724621	-0.114593	-0.715551	0.689097	-0.988608	0.150281	-0.008350
76	1041674520													2.921102	-2.560931	7.401087	-0.042626	-0.706603	-0.706325	-0.040527	-0.705163	0.707886	-0.998269	0.058800	0.001422
77	1041691187													3.214042	-4.977104	8.785078	0.014427	-0.724233	-0.689404	0.032758	-0.688764	0.724246	-0.999359	-0.033033	0.013788
78	1041707854													3.264233	-8.750010	8.955706	0.069888	-0.737193	-0.672058	0.102769	-0.664800	0.739919	-0.992247	-0.120778	0.029299
79	1041724521													0.676590	-14.511069	7.002161	0.122056	-0.743015	-0.658051	0.165792	-0.638429	0.751612	-0.978578	-0.200838	0.045262
80	1041741188													-1.332186	-17.440868	3.306057	0.168090	-0.740672	-0.650500	0.219815	-0.615112	0.757178	-0.960951	-0.270264	0.059417
81	1041757855													-2.778544	-19.907148	-1.297366	0.201451	-0.731369	-0.651549	0.264117	-0.599988	0.755153	-0.943218	-0.324211	0.072299
82	1041774522													-5.826326	-21.080624	-7.027585	0.222575	-0.717390	-0.660160	0.292819	-0.596688	0.747141	-0.929902	-0.359602	0.077258
83	1041791189													-4.081273	-21.543633	-9.780949	0.227079	-0.702271	-0.674722	0.301826	-0.607959	0.734362	-0.925925	-0.370407	0.073909
84	1041807856													-2.465187	-20.930410	-8.559404	0.214605	-0.684768	-0.696447	0.294212	-0.634616	0.714634	-0.931334	-0.358267	0.065275
85	1041824523													-1.387479	-18.334360	-6.154833	0.189261	-0.662423	-0.724828	0.273271	-0.673474	0.686845	-0.943135	-0.328067	0.053558
86	1041841190													5.498806	-9.455709	0.305872	0.156632	-0.625141	-0.764634	0.247441	-0.724661	0.643148	-0.956159	-0.289940	0.041180
87	1041857857													5.148002	43.715767	28.794159	0.167111	-0.558902	-0.812221	0.260135	-0.769620	0.583109	-0.951002	-0.308730	0.016778
88	1041874524													15.825472	0.942739	-10.587422	0.150918	-0.587714	-0.794868	0.240771	-0.758010	0.606176	-0.958777	-0.282864	0.027107
89	1041891191													-1.007182	-25.764738	-2.354892	0.116455	-0.626160	-0.770949	0.210003	-0.743157	0.635309	-0.970741	-0.235886	0.044951
90	1041907858													-8.080540	-4.230953	14.924841	0.097664	-0.587011	-0.803666	0.171824	-0.785455	0.594590	-0.980275	-0.196159	0.024152
91	1041924525													4.456228	-6.758132	-3.169429	0.093387	-0.585982	-0.804925	0.140272	-0.792650	0.593320	-0.985699	-0.168317	0.008174
92	1041941192													3.095377	-1.890364	0.364176	0.077482	-0.558755	-0.825705	0.112073	-0.818064	0.564102	-0.990675	-0.136247	-0.000764
93	1041957859													0.854917	-0.002496	-0.764083	0.071348	-0.552031	-0.830765	0.086066	-0.826374	0.556505	-0.993731	-0.111206	-0.011449
94	1041974526													0.418173	-0.416940	-0.269911	0.063574	-0.551960	-0.831443	0.061694	-0.829362	0.555296	-0.996068	-0.086598	-0.018673
95	1041991193													1.192943	-0.148113	-0.835411	0.054596	-0.562342	-0.825101	0.039210	-0.824488	0.564519	-0.997738	-0.063173	-0.022965
96	1042007860													0.765624	-1.925461	0.091316	0.045366	-0.571347	-0.819454	0.019267	-0.819645	0.572547	-0.998785	-0.041763	-0.026176
97	1042024527													0.551076	-2.453733	-0.051937	0.039437	-0.572181	-0.819179	0.002428	-0.819759	0.572703	-0.999219	-0.024575	-0.030940
98	1042041194													0.661716	-1.504739	0.801803	0.034912	-0.568721	-0.821789	-0.011549	-0.822465	0.568698	-0.999324	-0.010364	-0.035282
99	1042057861													0.796938	-0.650038	0.766062	0.030141	-0.565194	-0.824407	-0.023589	-0.824955	0.564707	-0.999267	0.002426	-0.038197
100	1042074528													0.769969	-0.522142	-0.159921	0.025139	-0.562465	-0.826439	-0.034261	-0.826699	0.561600	-0.999097	0.014196	-0.040053
101	1042091195													0.629265	-0.890841	-0.335379	0.021008	-0.559072	-0.828853	-0.043130	-0.828771	0.557924	-0.998849	0.024027	-0.041523
102	1042107862													0.478093	-0.596027	0.028700	0.017612	-0.554981	-0.831677	-0.050154	-0.831249	0.553633	-0.998586	0.031961	-0.042475
103	1042124529													0.721997	-0.136085	0.244059	0.014206	-0.550665	-0.834605	-0.055875	-0.833822	0.549198	-0.998337	0.038832	-0.042614
104	1042141196													0.834722	0.499481	0.080367	0.010655	-0.547066	-0.837022	-0.061172	-0.835858	0.545527	-0.998070	0.045389	-0.042371
105	1042157863													1.057197	0.415278	0.095004	0.007017	-0.545385	-0.838156	-0.066458	-0.836578	0.543802	-0.997765	0.051886	-0.042116
106	1042174530													1.324183	0.129394	0.220354	0.003730	-0.545229	-0.838279	-0.071874	-0.836263	0.543598	-0.997407	0.058223	-0.042307
107	1042191197													1.272265	-0.019861	0.202908	0.001037	-0.545333	-0.838219	-0.077285	-0.835756	0.543635	-0.997009	0.064218	-0.043012
108	1042207864													1.104354	0.043116	0.124525	-0.001080	-0.545164	-0.838329	-0.082563	-0.835419	0.543378	-0.996585	0.069802	-0.044109
109	1042224531													1.100888	0.088966	0.085354	-0.002741	-0.544914	-0.838487	-0.087775	-0.835123	0.543015	-0.996137	0.075086	-0.045541
110	1042241198													1.189023	0.248232	0.193951	-0.003730	-0.544043	-0.839049	-0.093285	-0.835207	0.541967	-0.995632	0.080292	-0.047636
111	1042257865													1.085638	1.047868	-0.067801	-0.004473	-0.543465	-0.839420	-0.099542	-0.835017	0.541145	-0.995023	0.085978	-0.050363
112	1042274532													0.887086	1.356326	-0.280193	-0.006151	-0.544059	-0.839024	-0.106940	-0.833871	0.541501	-0.994246	0.093056	-0.053052
113	1042291199													0.566964	1.573237	-0.439142	-0.008783	-0.545465	-0.838088	-0.115763	-0.831930	0.542670	-0.993238	0.101785	-0.055838
114	1042307866													0.603724	1.207070	-0.499994	-0.012544	-0.547065	-0.836996	-0.126091	-0.829515	0.544065	-0.991939	0.112362	-0.058574
115	1042324533													0.491557	1.163788	-0.452862	-0.017421	-0.547886	-0.836371	-0.138140	-0.827157	0.544728	-0.990260	0.125026	-0.061275
116	1042341200													0.551277	1.129006	-0.407848	-0.023695	-0.547823	-0.836258	-0.151953	-0.824801	0.544623	-0.988104	0.139977	-0.063700
117	1042357867													0.881053	0.925522	-0.018579	-0.031422	-0.546792	-0.836679	-0.167396	-0.822390	0.543740	-0.985389	0.157142	-0.065689
118	1042374534													0.613769	1.631457	0.491982	-0.040699	-0.545195	-0.837321	-0.184313	-0.819538	0.542574	-0.982025	0.176411	-0.067132
119	1042391201													0.488573	2.043658	0.091454	-0.052014	-0.544785	-0.836961	-0.202627	-0.814905	0.543021	-0.977874	0.197836	-0.068001
120	1042407868													0.461007	2.013885	-0.288963	-0.065998	-0.545961	-0.835207	-0.222638	-0.807873	0.545686	-0.972665	0.221963	-0.068234
121	1042424535													0.443023	1.791066	0.098374	-0.082628	-0.547819	-0.832507	-0.244312	-0.798738	0.549846	-0.966170	0.248823	-0.067841
122	1042441202													0.497715	1.605743	0.820964	-0.101484	-0.549294	-0.829444	-0.267257	-0.788046	0.554578	-0.958266	0.277956	-0.066829
123	1042457869													0.300451	2.173064	1.778551	-0.121427	-0.550169	-0.826178	-0.291126	-0.775992	0.559538	-0.948947	0.308465	-0.065942
124	1042474536													1.364834	2.016186	1.970012	-0.142965	-0.551823	-0.821615	-0.315607	-0.761386	0.566289	-0.938058	0.340268	-0.065308
125	1042491203													2.483725	1.216942	3.933232	-0.167308	-0.549422	-0.818623	-0.340792	-0.746915	0.570945	-0.925132	0.374504	-0.062274
126	1042507870													2.811904	4.871286	4.429735	-0.191415	-0.545118	-0.816215	-0.367854	-0.731135	0.574565	-0.909969	0.410228	-0.060574
127	1042524537													4.100439	4.411218	2.997463	-0.216245	-0.540858	-0.812841	-0.396022	-0.712386	0.579373	-0.892415	0.447189	-0.060141
128	1042541204													4.963666	4.935055	3.124725	-0.243667	-0.535473	-0.808638	-0.426462	-0.689683	0.585207	-0.871066	0.487449	-0.060306
129	1042557871													4.388852	7.433964	5.171210	-0.270512	-0.525297	-0.806776	-0.459445	-0.665989	0.587681	-0.846010	0.529644	-0.061187
130	1042574538													4.308877	11.339739	3.338822	-0.295078	-0.514838	-0.804904	-0.493376	-0.639314	0.589794	-0.818235	0.571156	-0.065361
131	1042591205													3.255265	15.315812	-0.696929	-0.321234	-0.508023	-0.799201	-0.525324	-0.606583	0.596734	-0.787936	0.611530	-0.072022
132	1042607872													2.957332	15.004268	-3.625589	-0.351959	-0.507297	-0.786622	-0.551150	-0.566937	0.612222	-0.756544	0.649024	-0.080059
133	1042624539													1.186645	10.565098	-4.146699	-0.389824	-0.512257	-0.765265	-0.567569	-0.520762	0.637709	-0.725191	0.682935	-0.087736
134	1042641206													-1.842422	4.857792	0.958299	-0.430366	-0.515517	-0.740964	-0.579588	-0.471485	0.664665	-0.692000	0.715503	-0.095876
135	1042657873													-2.504774	5.231413	3.446107	-0.454736	-0.510011	-0.730140	-0.598647	-0.431953	0.674566	-0.659422	0.743845	-0.108892
136	1042674540													1.237868	8.095532	-0.986918	-0.468154	-0.505320	-0.724903	-0.613617	-0.404400	0.678185	-0.635851	0.762307	-0.120751
137	1042691207													2.348005	9.272687	-5.195636	-0.473694	-0.506061	-0.720774	-0.621756	-0.387459	0.680657	-0.623725	0.770570	-0.131109
138	1042707874													2.909191	7.595231	-6.286765	-0.483702	-0.513915	-0.708465	-0.619927	-0.370237	0.691820	-0.617837	0.773832	-0.139506
139	1042724541													2.610311	5.274795	-5.716656	-0.494289	-0.524297	-0.693391	-0.611986	-0.356611	0.705905	-0.617375	0.773267	-0.144594
140	1042741208													1.385703	4.018443	-5.009276	-0.498743	-0.537328	-0.680098	-0.601191	-0.350763	0.718007	-0.624359	0.766970	-0.148096
141	1042757875													0.543815	3.187493	-4.881004	-0.492762	-0.553599	-0.671353	-0.589320	-0.355336	0.725561	-0.640225	0.753170	-0.151151
142	1042774542													0.344115	3.009788	-5.428811	-0.475947	-0.573035	-0.667162	-0.575252	-0.370976	0.729015	-0.665252	0.730758	-0.153075
143	1042791209													0.687465	3.039029	-5.583355	-0.451016	-0.594808	-0.665423	-0.556495	-0.395474	0.730693	-0.697780	0.699859	-0.152643
144	1042807876													1.111860	3.105802	-5.003925	-0.419415	-0.617266	-0.665638	-0.531919	-0.427083	0.731206	-0.735631	0.660745	-0.149210
145	1042824543													1.591723	3.223981	-4.398084	-0.382582	-0.639662	-0.666681	-0.500240	-0.463251	0.731545	-0.776782	0.613376	-0.142753
146	1042841210													2.468063	3.311136	-4.045109	-0.341376	-0.661798	-0.667447	-0.460207	-0.501481	0.732616	-0.819556	0.557261	-0.133371
147	1042857877													3.363326	3.021985	-3.649990	-0.297754	-0.683618	-0.666340	-0.410293	-0.538605	0.735911	-0.861976	0.492515	-0.120112
148	1042874544													4.107998	2.506794	-2.310974	-0.253472	-0.705078	-0.662281	-0.350363	-0.571240	0.742247	-0.901664	0.420178	-0.102240
149	1042891211													4.698998	1.844041	-0.446508	-0.208514	-0.726560	-0.654700	-0.281561	-0.596479	0.751622	-0.936614	0.341062	-0.080197
150	1042907878													5.091355	0.832612	1.707150	-0.162051	-0.746573	-0.645266	-0.205711	-0.613984	0.762041	-0.965102	0.256228	-0.054082
151	1042924545													4.808770	0.296466	4.115750	-0.115493	-0.765092	-0.633479	-0.125460	-0.621403	0.773381	-0.985353	0.168797	-0.024221
152	1042941212													4.361721	-1.863131	6.519319	-0.068141	-0.781212	-0.620536	-0.043198	-0.619088	0.784132	-0.996740	0.080238	0.008438
153	1042957879													3.770231	-4.949304	8.523563	-0.019155	-0.793707	-0.607999	0.039399	-0.608238	0.792777	-0.999040	-0.008768	0.042922
154	1042974546													2.075325	-9.654447	9.364996	0.027991	-0.800770	-0.598317	0.120285	-0.591504	0.797279	-0.992345	-0.094286	0.079764
155	1042991213													0.134579	-13.982141	8.467207	0.068862	-0.799659	-0.596493	0.197766	-0.575105	0.793816	-0.977828	-0.172629	0.118542
156	1043007880													-4.248090	-17.306879	4.457830	0.100914	-0.786997	-0.608648	0.267821	-0.567699	0.778454	-0.958169	-0.241565	0.153486
157	1043024547													-9.709086	-17.741001	-0.408327	0.123343	-0.763185	-0.634299	0.322632	-0.573616	0.752910	-0.938454	-0.297511	0.175476
158	1043041214													-9.261709	-17.044590	-6.199586	0.134437	-0.739339	-0.659776	0.358485	-0.584436	0.727958	-0.923805	-0.334384	0.186472
159	1043057881													-7.449491	-18.030136	-6.945151	0.133849	-0.721331	-0.679533	0.370893	-0.599406	0.709331	-0.918979	-0.346977	0.187307
160	1043074548													-6.223659	-17.007011	-6.425548	0.124412	-0.710723	-0.692383	0.360826	-0.617623	0.698818	-0.924297	-0.336772	0.179608
161	1043091215													-4.371120	-15.198581	-4.533925	0.106775	-0.705371	-0.700750	0.334210	-0.638310	0.693444	-0.936431	-0.308241	0.167587
162	1043107882													8.371120	3.631350	8.583399	0.084456	-0.679768	-0.728548	0.309198	-0.677189	0.667691	-0.947240	-0.281656	0.152990
163	1043124549													2.536595	17.629232	12.912397	0.097485	-0.682248	-0.724593	0.295748	-0.675313	0.675637	-0.950279	-0.280161	0.135941
164	1043141216													6.573524	-8.976024	-3.798777	0.081670	-0.716150	-0.693151	0.266749	-0.654396	0.707539	-0.960299	-0.242682	0.137588
165	1043157883													-6.915084	-18.897394	4.568849	0.055002	-0.730686	-0.680494	0.224166	-0.655092	0.721529	-0.972998	-0.192229	0.127764
166	1043174550													-6.676163	0.315176	8.755054	0.045095	-0.720978	-0.691489	0.179902	-0.675015	0.715534	-0.982650	-0.156668	0.099265
167	1043191217													4.612537	-6.886918	-5.500229	0.034317	-0.721450	-0.691615	0.143338	-0.681315	0.717818	-0.989079	-0.123768	0.080031
168	1043207884													0.341157	-2.043302	-0.932426	0.023019	-0.706232	-0.707607	0.112766	-0.701443	0.703748	-0.993355	-0.095994	0.063492
169	1043224551													-0.425135	-1.213962	-0.287906	0.017881	-0.698032	-0.715843	0.084906	-0.712311	0.696709	-0.996229	-0.073237	0.046531
170	1043241218													1.554805	-1.452895	-0.356881	0.013477	-0.693755	-0.720085	0.061877	-0.718192	0.693088	-0.997993	-0.053897	0.033249
171	1043257885													0.298199	0.413479	-0.187754	0.007267	-0.696121	-0.717888	0.041315	-0.717085	0.695760	-0.999120	-0.034716	0.023549
172	1043274552													0.459814	-1.649796	0.124286	0.000571	-0.698730	-0.715385	0.022473	-0.715195	0.698563	-0.999747	-0.016475	0.015294
173	1043291219													-0.106158	-2.049371	0.410225	-0.004462	-0.695799	-0.718222	0.006697	-0.718234	0.695769	-0.999968	-0.001706	0.007865
174	1043307886													0.367368	-1.499063	0.925476	-0.008738	-0.693197	-0.720695	-0.006124	-0.720672	0.693249	-0.999943	0.010472	0.002052
175	1043324553													0.754740	-1.044304	0.548251	-0.012077	-0.689279	-0.724396	-0.017442	-0.724193	0.689377	-0.999775	0.020960	-0.003276
176	1043341220													0.639720	-0.402124	-0.045790	-0.014883	-0.684625	-0.728743	-0.027548	-0.728267	0.684740	-0.999510	0.030266	-0.008022
177	1043357887													0.575658	-0.106450	-0.475130	-0.017384	-0.681061	-0.732021	-0.036328	-0.731218	0.681176	-0.999189	0.038434	-0.012030
178	1043374554													0.397132	-0.135164	-0.091281	-0.019986	-0.678175	-0.734628	-0.043702	-0.733480	0.678304	-0.998845	0.045661	-0.014979
179	1043391221													0.199402	-0.142912	0.312592	-0.022860	-0.675420	-0.737079	-0.049742	-0.735590	0.675598	-0.998500	0.052108	-0.016782
180	1043407888													0.652902	0.206644	0.267013	-0.026017	-0.673010	-0.739176	-0.054957	-0.737345	0.673277	-0.998150	0.058139	-0.017803
181	1043424555													0.922316	0.264968	0.238656	-0.029108	-0.671056	-0.740835	-0.059935	-0.738644	0.671426	-0.997778	0.063946	-0.018720
182	1043441222													0.787332	0.530718	0.063430	-0.032146	-0.669825	-0.741823	-0.065020	-0.739233	0.670304	-0.997366	0.069781	-0.019788
183	1043457889													0.788193	0.533470	-0.030473	-0.035275	-0.669406	-0.742059	-0.070237	-0.739025	0.670007	-0.996906	0.075755	-0.020948
184	1043474556													0.857611	0.352680	-0.066974	-0.038269	-0.669501	-0.741824	-0.075544	-0.738305	0.670223	-0.996408	0.081689	-0.022322
185	1043491223													0.660241	0.454336	0.103317	-0.041181	-0.669642	-0.741542	-0.081076	-0.737484	0.670480	-0.995857	0.087732	-0.023922
186	1043507890													0.754367	0.706520	0.099943	-0.044051	-0.670033	-0.741023	-0.087126	-0.736340	0.670979	-0.995223	0.094120	-0.025940
187	1043524557													0.961033	1.149297	-0.162542	-0.046973	-0.671063	-0.739910	-0.094259	-0.734445	0.672091	-0.994439	0.101313	-0.028754
188	1043541224													0.827856	1.109489	-0.412426	-0.050694	-0.672913	-0.737983	-0.102892	-0.731482	0.674053	-0.993400	0.110103	-0.032156
189	1043557891													0.798108	0.887262	-0.224022	-0.055941	-0.675298	-0.735420	-0.112894	-0.727571	0.676679	-0.992031	0.120879	-0.035536
190	1043574558													0.791139	1.138827	-0.207807	-0.062268	-0.678102	-0.732326	-0.123890	-0.722823	0.679837	-0.990340	0.133060	-0.039001
191	1043591225													0.883854	0.987439	-0.325193	-0.069614	-0.681251	-0.728733	-0.135972	-0.717207	0.683466	-0.988264	0.146666	-0.042703
192	1043607892													0.911768	0.823488	-0.166207	-0.077853	-0.684389	-0.724949	-0.149259	-0.710959	0.687211	-0.985728	0.161707	-0.046801
193	1043624559													0.956177	0.504761	0.267959	-0.086741	-0.686575	-0.721867	-0.163667	-0.704932	0.690134	-0.982695	0.178008	-0.051223
194	1043641226													1.041236	0.788438	0.343435	-0.096604	-0.687398	-0.719827	-0.179270	-0.699366	0.691917	-0.979045	0.195885	-0.055669
195	1043657893													1.026830	1.236163	0.102469	-0.108137	-0.687500	-0.718088	-0.196225	-0.693352	0.693367	-0.974578	0.215886	-0.059927
196	1043674560													1.001052	1.552174	0.139977	-0.121614	-0.687166	-0.716249	-0.215050	-0.686224	0.694874	-0.969001	0.238536	-0.064320
197	1043691227													1.098875	1.581830	0.672284	-0.137269	-0.686438	-0.714114	-0.235818	-0.677563	0.696633	-0.962053	0.264028	-0.068866
198	1043707894													1.409808	1.401378	1.256179	-0.155203	-0.685080	-0.711743	-0.258190	-0.667301	0.698604	-0.953546	0.292190	-0.073313
199	1043724561													1.883787	1.431437	1.928586	-0.175219	-0.682395	-0.709673	-0.281876	-0.655878	0.700264	-0.943315	0.322740	-0.077428
200	1043741228													2.347104	1.938356	2.355755	-0.196753	-0.678264	-0.707988	-0.306769	-0.643260	0.701505	-0.931226	0.355212	-0.081507
201	1043757895													2.126351	2.092499	4.538098	-0.221175	-0.669617	-0.709010	-0.333080	-0.631431	0.700252	-0.916591	0.391036	-0.083379
202	1043774562													2.907473	5.463329	4.520123	-0.246034	-0.659438	-0.710359	-0.360722	-0.617946	0.698586	-0.899637	0.428118	-0.085838
203	1043791229													3.924714	5.382458	2.919877	-0.272399	-0.649252	-0.710120	-0.388959	-0.600736	0.698446	-0.880062	0.466464	-0.088892
204	1043807896													4.769196	6.871765	3.508697	-0.301275	-0.637584	-0.709027	-0.418531	-0.579701	0.699128	-0.856776	0.507380	-0.092199
205	1043824563													5.094076	10.142795	4.320545	-0.330878	-0.624206	-0.707734	-0.449241	-0.555350	0.699835	-0.829881	0.549503	-0.096665
206	1043841230													5.090449	14.808429	1.013131	-0.361277	-0.613036	-0.702613	-0.478825	-0.524605	0.703929	-0.800129	0.590742	-0.104009
207	1043857897													5.330599	15.978058	-2.349037	-0.394758	-0.606535	-0.690132	-0.502994	-0.485910	0.714765	-0.768871	0.629291	-0.113267
208	1043874564													4.400658	13.947943	-3.670605	-0.435663	-0.606253	-0.665324	-0.517191	-0.436357	0.736279	-0.736690	0.664869	-0.123444
209	1043891231													-1.843854	4.793451	1.235689	-0.479311	-0.604678	-0.636101	-0.524329	-0.383928	0.760052	-0.703804	0.697828	-0.133030
210	1043907898													-4.447719	2.662938	5.784061	-0.503795	-0.591807	-0.629249	-0.544221	-0.348250	0.763247	-0.670831	0.726970	-0.146627
211	1043924565													-1.039709	4.809813	1.673562	-0.509526	-0.575958	-0.639262	-0.568015	-0.332910	0.752682	-0.646330	0.746621	-0.157526
212	1043941232													1.525606	7.831229	-3.329074	-0.500112	-0.560931	-0.659731	-0.590811	-0.335976	0.733528	-0.633112	0.756622	-0.163379
213	1043957899													2.149128	7.605057	-5.887630	-0.492857	-0.553906	-0.671029	-0.604052	-0.337266	0.722062	-0.626270	0.761209	-0.168364
214	1043974566													2.189307	5.300265	-6.006531	-0.490446	-0.551074	-0.675115	-0.608721	-0.337745	0.717904	-0.623635	0.763050	-0.169805
215	1043991233													1.368145	3.982040	-5.528592	-0.488121	-0.551997	-0.676045	-0.607742	-0.340971	0.717209	-0.626409	0.760946	-0.169037
216	1044007900													0.392960	3.006887	-5.517108	-0.480561	-0.556802	-0.677519	-0.603434	-0.350644	0.716181	-0.636340	0.753007	-0.167487
217	1044024567													-0.011635	2.594520	-6.007675	-0.466625	-0.565166	-0.680330	-0.595302	-0.368197	0.714175	-0.654123	0.738253	-0.164635
218	1044041234													-0.019510	2.623465	-6.279780	-0.447442	-0.576071	-0.684060	-0.581929	-0.393272	0.711826	-0.679084	0.716575	-0.159266
219	1044057901													0.052704	2.575481	-6.010201	-0.424742	-0.588827	-0.687661	-0.562452	-0.423568	0.710097	-0.709395	0.688384	-0.151280
220	1044074568													-0.157827	2.480634	-5.345071	-0.398543	-0.602742	-0.691278	-0.536936	-0.457719	0.708656	-0.743547	0.653602	-0.141213
221	1044091235													0.135097	2.842809	-5.171768	-0.369012	-0.617890	-0.694293	-0.504214	-0.494445	0.708020	-0.780768	0.611340	-0.129093
222	1044107902													1.061860	3.154242	-4.883440	-0.338299	-0.635070	-0.694435	-0.462253	-0.530631	0.710460	-0.819680	0.561352	-0.114051
223	1044124569													1.171159	3.096342	-3.629413	-0.307329	-0.654423	-0.690854	-0.411092	-0.563448	0.716610	-0.858227	0.504239	-0.095864
224	1044141236													1.080391	2.759288	-1.862734	-0.274118	-0.675179	-0.684831	-0.352259	-0.592124	0.724778	-0.894859	0.439912	-0.075526
225	1044157903													1.384376	2.338850	-0.087191	-0.237499	-0.697434	-0.676150	-0.286183	-0.614936	0.734815	-0.928274	0.368021	-0.053547
226	1044174570													1.450770	1.452333	2.217339	-0.196244	-0.718260	-0.667526	-0.215397	-0.632559	0.743958	-0.956605	0.289780	-0.030575
227	1044191237													1.393556	0.355899	4.014450	-0.150432	-0.736338	-0.659680	-0.141375	-0.644392	0.751513	-0.978460	0.206314	-0.007163
228	1044207904													1.560235	-0.643634	5.281086	-0.102114	-0.751409	-0.651887	-0.064973	-0.648876	0.758115	-0.992649	0.119769	0.017438
229	1044224571													1.289478	-2.896035	6.938894	-0.052298	-0.762752	-0.644573	0.012205	-0.645896	0.763327	-0.998557	0.032053	0.043089
230	1044241238													0.929802	-5.416338	8.294815	-0.001233	-0.768513	-0.639833	0.088713	-0.637395	0.765413	-0.996056	-0.055818	0.068963
231	1044257905													0.380154	-9.030682	9.141415	0.047248	-0.767988	-0.638719	0.162075	-0.625065	0.763561	-0.985647	-0.139597	0.094938
232	1044274572													-1.735907	-13.069435	7.885065	0.091089	-0.759477	-0.644126	0.230063	-0.613268	0.755627	-0.968903	-0.217019	0.118866
233	1044291239													-4.235933	-15.378942	4.389439	0.127115	-0.742723	-0.657423	0.287786	-0.606672	0.741032	-0.949221	-0.283393	0.136628
234	1044307906													-6.027482	-15.635588	-3.979205	0.154089	-0.721043	-0.675539	0.332199	-0.606096	0.722697	-0.930538	-0.335774	0.146137
235	1044324573													-4.668428	-17.095377	-6.427875	0.169148	-0.705786	-0.687935	0.354689	-0.607637	0.710615	-0.919557	-0.364201	0.147554
236	1044341240													-3.403367	-17.757214	-7.098129	0.173379	-0.698829	-0.693958	0.355984	-0.612519	0.705759	-0.918267	-0.369401	0.142574
237	1044357907													-2.038944	-16.958326	-7.022782	0.165564	-0.699547	-0.695142	0.339991	-0.621170	0.706084	-0.925740	-0.353244	0.134997
238	1044374574													-1.700861	-14.520320	-3.917276	0.148151	-0.702669	-0.695922	0.311227	-0.634808	0.707218	-0.938717	-0.321365	0.124642
239	1044391241													3.751995	-8.096293	0.718563	0.125921	-0.701529	-0.701428	0.276895	-0.654101	0.703904	-0.952614	-0.282858	0.111884
240	1044407908													9.322540	32.098880	23.188133	0.130812	-0.668312	-0.732289	0.275943	-0.684905	0.674360	-0.952231	-0.290285	0.094823
241	1044424575													12.761091	-1.428150	-5.940760	0.125560	-0.707472	-0.695498	0.253633	-0.654858	0.711921	-0.959117	-0.265790	0.097215
242	1044441242													-5.017268	-20.470764	-2.804221	0.098137	-0.742969	-0.662092	0.223930	-0.631756	0.742119	-0.969652	-0.221091	0.104375
243	1044457909													-10.988868	-8.535273	12.289440	0.076002	-0.721204	-0.688541	0.178844	-0.669480	0.720979	-0.980938	-0.177937	0.078101
244	1044474576													-0.785768	-2.016119	-0.825091	0.073090	-0.718906	-0.691254	0.147702	-0.677662	0.720387	-0.986327	-0.154753	0.056653
245	1044491243													3.122832	-5.386081	-3.380950	0.055952	-0.698379	-0.713537	0.119136	-0.704881	0.699249	-0.991300	-0.124132	0.043762
246	1044507910													0.452721	0.040599	-0.397686	0.048678	-0.683923	-0.727929	0.096490	-0.722164	0.684959	-0.994143	-0.103581	0.030838
247	1044524577													0.411381	-0.083462	-0.434418	0.038861	-0.680475	-0.731740	0.075468	-0.728203	0.681193	-0.996391	-0.081695	0.023055
248	1044541244													0.998447	1.440032	-0.317864	0.029685	-0.686302	-0.726710	0.055778	-0.724760	0.686739	-0.998002	-0.060921	0.016766
249	1044557911													1.565877	-1.786644	-0.153686	0.021110	-0.690453	-0.723069	0.036635	-0.722210	0.690703	-0.999106	-0.041070	0.010049
250	1044574578													0.242141	-2.379960	0.552460	0.014920	-0.689006	-0.724602	0.018688	-0.724364	0.689164	-0.999714	-0.023823	0.002068
251	1044591245													0.415987	-1.741352	0.980419	0.009401	-0.684977	-0.728504	0.002859	-0.728515	0.685024	-0.999952	-0.008523	-0.004890
252	1044607912													0.867553	-0.699352	0.802811	0.004219	-0.680843	-0.732417	-0.011643	-0.732407	0.680767	-0.999923	0.005655	-0.011017
253	1044624579													0.733840	-0.280638	-0.068372	-0.000902	-0.676831	-0.736138	-0.025539	-0.735883	0.676627	-0.999673	0.019410	-0.016622
254	1044641246													0.336759	-0.317592	-0.536292	-0.005517	-0.673335	-0.739317	-0.037893	-0.738657	0.673016	-0.999267	0.031728	-0.021439
255	1044657913													0.433285	-0.292160	-0.102522	-0.009930	-0.670188	-0.742125	-0.048298	-0.740974	0.669794	-0.998784	0.042494	-0.025011
256	1044674580													0.269932	-0.335035	0.349872	-0.014284	-0.667129	-0.744806	-0.057198	-0.743117	0.666713	-0.998261	0.052125	-0.027543
257	1044691247													0.775213	0.180908	0.094526	-0.018941	-0.664973	-0.746627	-0.064947	-0.744366	0.664606	-0.997709	0.061080	-0.029089
258	1044707914													0.993641	0.212733	0.149414	-0.023737	-0.663357	-0.747927	-0.072177	-0.745048	0.663094	-0.997109	0.069723	-0.030194
259	1044724581													0.881736	0.577808	0.199011	-0.028758	-0.662705	-0.748328	-0.079313	-0.744765	0.662597	-0.996435	0.078407	-0.031143
260	1044741248													0.874432	0.168904	0.058820	-0.034059	-0.662649	-0.748155	-0.086421	-0.743833	0.662755	-0.995676	0.087229	-0.031933
261	1044757915													0.851359	0.295584	-0.121018	-0.039185	-0.662351	-0.748168	-0.093432	-0.743034	0.662699	-0.994854	0.095871	-0.032769
262	1044774582													0.937467	0.288136	-0.151037	-0.044158	-0.662086	-0.748126	-0.100509	-0.742113	0.662696	-0.993956	0.104456	-0.033775
263	1044791249													1.035537	0.123338	0.125428	-0.049181	-0.661413	-0.748407	-0.108010	-0.741398	0.662316	-0.992933	0.113409	-0.034976
264	1044807916													0.860585	0.299338	0.276661	-0.054190	-0.660503	-0.748865	-0.116028	-0.740721	0.661717	-0.991767	0.122747	-0.036497
265	1044824583													0.970544	0.407812	0.100169	-0.059200	-0.660107	-0.748835	-0.124311	-0.739436	0.661650	-0.990476	0.132258	-0.038284
266	1044841250													1.070174	0.685128	-0.103729	-0.064257	-0.660673	-0.747918	-0.132902	-0.737126	0.662558	-0.989044	0.141974	-0.040439
267	1044857917													1.053369	0.543190	-0.151211	-0.069721	-0.662587	-0.745733	-0.141828	-0.733374	0.664866	-0.987433	0.152121	-0.042842
268	1044874584													0.821035	0.277579	-0.015778	-0.075630	-0.664956	-0.743044	-0.151059	-0.728937	0.667707	-0.985627	0.162742	-0.045318
269	1044891251													0.662323	0.233665	0.027429	-0.081850	-0.666853	-0.740681	-0.160502	-0.724654	0.670161	-0.983636	0.173734	-0.047718
270	1044907918													0.764745	0.444022	-0.055932	-0.088623	-0.667856	-0.738995	-0.170437	-0.720805	0.671856	-0.981375	0.185494	-0.049948
271	1044924585													0.850243	0.599161	-0.071858	-0.096553	-0.667428	-0.738388	-0.181520	-0.717605	0.672379	-0.978636	0.198953	-0.051865
272	1044941252													0.704334	1.181165	-0.042639	-0.105759	-0.665413	-0.738946	-0.194491	-0.714919	0.671613	-0.975186	0.214748	-0.053808
273	1044957919													0.798736	1.675738	-0.112309	-0.116746	-0.662837	-0.739606	-0.209595	-0.711483	0.670718	-0.970794	0.233322	-0.055865
274	1044974586													0.869498	1.782406	0.057442	-0.130336	-0.660241	-0.739658	-0.226770	-0.706395	0.670509	-0.965188	0.255124	-0.057654
275	1044991253													0.783338	1.808357	0.459332	-0.146454	-0.657503	-0.739081	-0.245785	-0.699522	0.671014	-0.958197	0.279928	-0.059156
276	1045007920													0.622896	2.072903	0.827076	-0.164703	-0.654623	-0.737795	-0.266118	-0.690778	0.672314	-0.949765	0.307073	-0.060434
277	1045024587													0.961097	1.971233	1.471969	-0.185034	-0.651723	-0.735540	-0.287443	-0.679841	0.674680	-0.939755	0.336265	-0.061539
278	1045041254													0.964525	2.049901	4.110576	-0.208456	-0.644776	-0.735398	-0.309805	-0.669664	0.674960	-0.927668	0.368529	-0.060159
