// Start Time: Unknown
// Update Rate: 100.0Hz
//Filter Profile: human (46.1)
// Option Flags: AHS Disabled ICC Disabled
// Firmware Version: 4.0.2
PacketCounter	SampleTimeFine	Year	Month	Day	Second	UTC_Nano	UTC_Year	UTC_Month	UTC_Day	UTC_Hour	UTC_Minute	UTC_Second	UTC_Valid	Acc_X	Acc_Y	Acc_Z	Mat[1][1]	Mat[1][2]	Mat[1][3]	Mat[2][1]	Mat[2][2]	Mat[2][3]	Mat[3][1]	Mat[3][2]	Mat[3][3]
1	1040441162													1.369882	4.309354	4.167670	0.086282	-0.847350	0.523978	-0.276082	0.485006	0.829788	-0.957254	-0.216256	-0.192091
2	1040457829													1.127972	2.587504	1.918827	0.095909	-0.857929	0.504737	-0.275877	0.464299	0.841616	-0.956396	-0.219964	-0.192152
3	1040474496													1.073126	1.249521	-0.709185	0.101146	-0.868810	0.484704	-0.273995	0.444035	0.853089	-0.956398	-0.219092	-0.193137
4	1040491163													0.336963	-0.742340	-2.308499	0.098110	-0.876357	0.471563	-0.271133	0.432386	0.859959	-0.957529	-0.212227	-0.195188
5	1040507830													0.804210	-4.597714	-0.346898	0.080499	-0.881045	0.466132	-0.266959	0.431508	0.861704	-0.960340	-0.193805	-0.200467
6	1040524497													3.763520	-6.956798	4.628825	0.060485	-0.878260	0.474343	-0.259213	0.445089	0.857149	-0.963924	-0.174800	-0.200735
7	1040541164													7.787340	-2.564289	3.122457	0.054307	-0.867896	0.493769	-0.251417	0.466682	0.847937	-0.966354	-0.170191	-0.192860
8	1040557831													6.079219	3.562988	2.528275	0.057255	-0.852829	0.519041	-0.245550	0.491895	0.835311	-0.967692	-0.175276	-0.181249
9	1040574498													0.359908	2.916512	3.142850	0.047979	-0.842876	0.535965	-0.247959	0.509735	0.823824	-0.967582	-0.172424	-0.184542
10	1040591165													-0.748511	-4.945264	-0.897430	0.029364	-0.822660	0.567774	-0.256263	0.542839	0.799784	-0.966161	-0.168985	-0.194878
11	1040607832													0.479728	-8.595898	-4.921840	0.003845	-0.791294	0.611423	-0.263219	0.589066	0.764014	-0.964729	-0.163876	-0.206018
12	1040624499													2.070836	-6.572914	-4.931544	-0.020474	-0.766798	0.641562	-0.264376	0.623007	0.736184	-0.964202	-0.154541	-0.215478
13	1040641166													0.340649	-4.222719	-3.591602	-0.046418	-0.738348	0.672821	-0.258890	0.659425	0.705787	-0.964791	-0.141425	-0.221760
14	1040657833													-2.986651	-2.307081	-0.633987	-0.070959	-0.707379	0.703264	-0.248928	0.695292	0.674243	-0.965919	-0.127218	-0.225423
15	1040674500													-5.148138	-1.135372	0.860217	-0.087035	-0.681905	0.726244	-0.238604	0.722060	0.649382	-0.967209	-0.116766	-0.225550
16	1040691167													-5.085977	-0.797223	1.194318	-0.100303	-0.667663	0.737676	-0.228413	0.737065	0.636052	-0.968384	-0.104697	-0.226433
17	1040707834													-3.510360	-0.744504	1.105890	-0.111861	-0.663140	0.740090	-0.218054	0.742993	0.632783	-0.969505	-0.090595	-0.227712
18	1040724501													-1.842729	-1.563189	0.619123	-0.122872	-0.664961	0.736701	-0.207112	0.743163	0.636250	-0.970570	-0.074402	-0.229036
19	1040741168													-0.682572	-2.884848	0.141863	-0.134845	-0.665027	0.734545	-0.194731	0.744645	0.638423	-0.971543	-0.056951	-0.229913
20	1040757835													0.249667	-3.676586	-0.045967	-0.146637	-0.660069	0.736754	-0.180910	0.750138	0.636053	-0.972507	-0.040017	-0.229411
21	1040774502													0.434393	-2.915078	-0.623835	-0.158528	-0.652187	0.741297	-0.164940	0.757734	0.631375	-0.973480	-0.022179	-0.227694
22	1040791169													0.872977	-1.789735	-0.835626	-0.172251	-0.643192	0.746079	-0.146235	0.765704	0.626348	-0.974138	-0.001213	-0.225951
23	1040807836													1.008092	-1.091702	-0.421127	-0.186879	-0.632401	0.751762	-0.125563	0.774343	0.620183	-0.974326	0.021505	-0.224114
24	1040824503													0.625427	-0.710602	0.097529	-0.200614	-0.619865	0.758631	-0.104224	0.783484	0.612610	-0.974110	0.043831	-0.221783
25	1040841170													0.280383	-0.317199	0.151818	-0.213528	-0.606363	0.765983	-0.083490	0.792523	0.604099	-0.973363	0.065041	-0.219851
26	1040857837													-0.071440	0.013941	0.000382	-0.226311	-0.591671	0.773763	-0.064146	0.801702	0.594273	-0.971941	0.084856	-0.219387
27	1040874504													-0.186661	0.140283	-0.009211	-0.239195	-0.575187	0.782270	-0.045838	0.811447	0.582625	-0.969889	0.103503	-0.220459
28	1040891171													-0.624591	0.877357	-0.085699	-0.250847	-0.557717	0.791219	-0.028386	0.821239	0.569878	-0.967611	0.120493	-0.221837
29	1040907838													-0.863950	1.430173	-0.143040	-0.260565	-0.541276	0.799453	-0.011600	0.829753	0.558010	-0.965387	0.136124	-0.222483
30	1040924505													-0.952189	1.666968	-0.146840	-0.268473	-0.525129	0.807565	0.005210	0.837539	0.546352	-0.963273	0.150888	-0.222121
31	1040941172													-0.591308	1.584898	-0.212282	-0.274244	-0.510224	0.815145	0.021456	0.844186	0.535620	-0.961421	0.164380	-0.220565
32	1040957839													-0.243098	1.852122	-0.140694	-0.277621	-0.494752	0.823497	0.038036	0.850860	0.524014	-0.959938	0.176799	-0.217398
33	1040974506													-0.025390	1.285581	0.160281	-0.277456	-0.477954	0.833414	0.055221	0.858104	0.510498	-0.959150	0.187662	-0.211694
34	1040991173													-0.241269	0.809515	-0.198308	-0.277392	-0.454639	0.846379	0.074520	0.868115	0.490737	-0.957863	0.199199	-0.206928
35	1041007840													-0.467804	0.887415	-0.087751	-0.280348	-0.430185	0.858106	0.094488	0.877246	0.470650	-0.955237	0.213026	-0.205287
36	1041024507													0.150351	1.218548	0.004594	-0.283964	-0.408819	0.867313	0.113550	0.883845	0.453789	-0.952088	0.227343	-0.204559
37	1041041174													-0.165637	1.290553	-0.198062	-0.286914	-0.390871	0.874586	0.131521	0.888252	0.440125	-0.948885	0.241304	-0.203445
38	1041057841													-0.947918	1.434291	-0.159184	-0.289286	-0.377428	0.879694	0.147831	0.890348	0.430613	-0.945759	0.254616	-0.201770
39	1041074508													-1.539117	1.913846	0.062450	-0.290794	-0.367281	0.883484	0.162486	0.891017	0.423895	-0.942888	0.266820	-0.199424
40	1041091175													-1.751569	2.162855	0.147972	-0.291185	-0.358795	0.886835	0.175576	0.891217	0.418217	-0.940417	0.277486	-0.196513
41	1041107842													-1.717805	2.070902	0.178428	-0.291053	-0.350698	0.890112	0.187673	0.891386	0.412566	-0.938119	0.287128	-0.193624
42	1041124509													-1.476437	2.035530	0.260811	-0.290811	-0.343491	0.892996	0.198616	0.891330	0.407532	-0.935938	0.295878	-0.190986
43	1041141176													-1.191372	2.122320	0.459571	-0.290572	-0.338768	0.894877	0.207895	0.890536	0.404630	-0.933996	0.303614	-0.188336
44	1041157843													-0.977021	2.300127	0.468084	-0.290018	-0.336055	0.896079	0.215681	0.889281	0.403311	-0.932401	0.310235	-0.185427
45	1041174510													-0.884394	2.503773	0.094554	-0.288824	-0.332972	0.897614	0.222627	0.888511	0.401230	-0.931138	0.315718	-0.182495
46	1041191177													-0.980386	3.150295	0.556097	-0.287496	-0.327433	0.900074	0.229460	0.888835	0.396637	-0.929889	0.320563	-0.180404
47	1041207844													-0.718139	4.504598	2.632690	-0.285951	-0.321142	0.902829	0.235490	0.889725	0.391067	-0.928858	0.324433	-0.178793
48	1041224511													-0.172426	4.751137	2.516115	-0.279875	-0.316812	0.906256	0.239940	0.890940	0.385558	-0.929569	0.325355	-0.173336
49	1041241178													0.672766	5.137121	1.321902	-0.270797	-0.316615	0.909079	0.241093	0.891959	0.382469	-0.931957	0.322744	-0.165206
50	1041257845													0.689029	5.827174	1.283041	-0.260048	-0.316523	0.912244	0.239991	0.893915	0.378576	-0.935296	0.317379	-0.156498
51	1041274512													1.004039	6.555889	2.338252	-0.247386	-0.320561	0.914353	0.235172	0.895601	0.377614	-0.939944	0.308446	-0.146172
52	1041291179													0.490800	6.470595	2.327214	-0.231102	-0.329365	0.915484	0.225170	0.897303	0.379665	-0.946515	0.293881	-0.133206
53	1041307846													-0.059712	6.245712	0.962208	-0.214237	-0.346636	0.913206	0.207916	0.897305	0.389377	-0.954397	0.273289	-0.120165
54	1041324513													0.078474	5.887503	-0.215950	-0.194560	-0.372003	0.907612	0.183265	0.895215	0.406207	-0.963618	0.245365	-0.105997
55	1041341180													0.307783	5.368483	-1.500038	-0.171060	-0.394979	0.902624	0.153848	0.894181	0.420441	-0.973175	0.210788	-0.092192
56	1041357847													-0.784344	3.583959	-0.789840	-0.148302	-0.413287	0.898443	0.122128	0.893881	0.431348	-0.981372	0.173695	-0.082091
57	1041374514													-2.229687	1.138631	2.344496	-0.133127	-0.432860	0.891577	0.088139	0.890849	0.445667	-0.987172	0.137913	-0.080444
58	1041391181													-1.339624	-0.678037	5.293039	-0.119850	-0.456227	0.881755	0.053628	0.883886	0.464619	-0.991342	0.102972	-0.081467
59	1041407848													0.536045	-3.161954	5.845025	-0.106425	-0.481351	0.870043	0.021318	0.873707	0.485986	-0.994092	0.070268	-0.082723
60	1041424515													1.191789	-4.106451	4.161500	-0.090729	-0.502030	0.860078	-0.008298	0.863991	0.503439	-0.995841	0.038540	-0.082555
61	1041441182													-0.047684	-3.314828	2.082243	-0.071694	-0.518826	0.851868	-0.038587	0.854869	0.517406	-0.996680	0.004224	-0.081309
62	1041457849													-1.110571	-1.709563	1.075385	-0.051191	-0.538083	0.841336	-0.071238	0.842262	0.534341	-0.996145	-0.032582	-0.081448
63	1041474516													-0.825473	-0.908994	0.655401	-0.029959	-0.560664	0.827501	-0.104400	0.825100	0.555257	-0.994084	-0.069756	-0.083252
64	1041491183													-0.144759	-1.592791	0.714548	-0.008990	-0.585219	0.810825	-0.137123	0.803920	0.578714	-0.990513	-0.105980	-0.087474
65	1041507850													-0.217909	-3.030527	0.788087	0.012419	-0.607792	0.793999	-0.168296	0.781462	0.600827	-0.985658	-0.141089	-0.092584
66	1041524517													-0.409954	-4.218492	-0.025574	0.033573	-0.627333	0.778027	-0.195726	0.759265	0.620651	-0.980084	-0.173117	-0.097295
67	1041541184													-0.836155	-4.385547	-1.180120	0.052096	-0.645681	0.761828	-0.218681	0.736973	0.639570	-0.974405	-0.199916	-0.102804
68	1041557851													-0.712996	-4.281940	-2.222401	0.069221	-0.664060	0.744468	-0.237641	0.713799	0.658800	-0.968883	-0.222519	-0.108398
69	1041574518													-0.103674	-4.755642	-3.455664	0.086357	-0.682837	0.725449	-0.253458	0.689153	0.678843	-0.963484	-0.242493	-0.113557
70	1041591185													0.661679	-4.718209	-4.333665	0.102228	-0.701222	0.705576	-0.265616	0.664298	0.698682	-0.958644	-0.258837	-0.118346
71	1041607852													0.579601	-3.979760	-4.426660	0.117377	-0.716896	0.687228	-0.274127	0.641736	0.716260	-0.954503	-0.272461	-0.121195
72	1041624519													0.652990	-3.637524	-4.746598	0.131649	-0.730174	0.670459	-0.279856	0.621457	0.731759	-0.950973	-0.283967	-0.122529
73	1041641186													1.129333	-3.684506	-5.534628	0.141378	-0.740299	0.657244	-0.283712	0.605764	0.743342	-0.948430	-0.291560	-0.124390
74	1041657853													0.747355	-3.549440	-5.645930	0.145445	-0.749320	0.646039	-0.286220	0.593193	0.752463	-0.947061	-0.294351	-0.128194
75	1041674520													0.527704	-3.294235	-5.612953	0.145399	-0.758120	0.635700	-0.286833	0.582632	0.760438	-0.946882	-0.292907	-0.132740
76	1041691187													0.446047	-2.760809	-4.917878	0.141704	-0.767745	0.624890	-0.285800	0.572648	0.768370	-0.947754	-0.287475	-0.138275
77	1041707854													-0.028660	-1.971028	-3.772155	0.134979	-0.778600	0.612831	-0.283111	0.562402	0.776886	-0.949541	-0.278363	-0.144518
78	1041724521													-1.181638	-1.394754	-1.824323	0.124416	-0.790952	0.599096	-0.279251	0.551469	0.786066	-0.952124	-0.265098	-0.152262
79	1041741188													-1.904160	0.123277	1.208203	0.114112	-0.808629	0.577146	-0.275371	0.532433	0.800428	-0.954541	-0.250268	-0.161916
80	1041757855													-0.883695	4.115643	4.713623	0.106573	-0.827848	0.550737	-0.273617	0.508089	0.816688	-0.955916	-0.237727	-0.172365
81	1041774522													1.585313	9.590447	7.296625	0.101938	-0.837130	0.537421	-0.277529	0.494854	0.823467	-0.955294	-0.233092	-0.181883
82	1041791189													1.230884	9.067737	6.429184	0.093241	-0.837780	0.537987	-0.284664	0.495354	0.820726	-0.954082	-0.229670	-0.192299
83	1041807856													-0.228360	5.622186	4.593213	0.093693	-0.842203	0.530958	-0.289980	0.487097	0.823801	-0.952435	-0.231152	-0.198584
84	1041824523													0.617270	2.405479	1.062872	0.101085	-0.849789	0.517340	-0.292276	0.471691	0.831915	-0.950977	-0.235300	-0.200692
85	1041841190													1.821814	1.041270	-1.686400	0.105878	-0.858979	0.500944	-0.291051	0.454943	0.841615	-0.950831	-0.234909	-0.201838
86	1041857857													3.392091	-1.840056	-1.083451	0.098490	-0.867450	0.487679	-0.288319	0.444169	0.848284	-0.952456	-0.224155	-0.206356
87	1041874524													6.103580	-6.139133	5.446203	0.080585	-0.867020	0.491713	-0.281196	0.453504	0.845732	-0.956261	-0.206421	-0.207257
88	1041891191													7.077138	-4.936335	4.245973	0.074487	-0.856032	0.511528	-0.274415	0.475554	0.835790	-0.958722	-0.202627	-0.199485
89	1041907858													2.352393	0.229449	2.641587	0.075162	-0.845197	0.529143	-0.271942	0.493156	0.826344	-0.959374	-0.206006	-0.192778
90	1041924525													2.513812	2.148151	4.112422	0.065191	-0.844015	0.532343	-0.276604	0.497289	0.822310	-0.958770	-0.200855	-0.201039
91	1041941192													3.471509	-6.182616	-2.369278	0.051874	-0.830909	0.553984	-0.283418	0.519673	0.805986	-0.957592	-0.198819	-0.208537
92	1041957859													0.693889	-11.891741	-6.589260	0.030256	-0.807708	0.588806	-0.287719	0.557105	0.779007	-0.957237	-0.192980	-0.215538
93	1041974526													1.524150	-9.403169	-6.709795	0.000431	-0.777028	0.629466	-0.286625	0.602959	0.744504	-0.958043	-0.180741	-0.222456
94	1041991193													-0.181229	-6.193869	-4.231677	-0.035141	-0.739139	0.672635	-0.279539	0.653455	0.703459	-0.959491	-0.163307	-0.229581
95	1042007860													-1.437755	-3.260830	-0.389100	-0.068028	-0.699559	0.711329	-0.266343	0.699839	0.662787	-0.961475	-0.144369	-0.233931
96	1042024527													-4.660332	-0.904119	2.427732	-0.093371	-0.663348	0.742463	-0.251019	0.737315	0.627181	-0.963468	-0.127812	-0.235357
97	1042041194													-5.929701	0.222040	2.896358	-0.114639	-0.644625	0.755855	-0.238033	0.756530	0.609100	-0.964468	-0.110092	-0.240170
98	1042057861													-3.741746	0.741767	1.680247	-0.132005	-0.639970	0.756976	-0.227384	0.762845	0.605280	-0.964817	-0.092224	-0.246219
99	1042074528													-1.358266	-0.693611	0.225368	-0.146880	-0.641994	0.752509	-0.217546	0.763099	0.608567	-0.964935	-0.074319	-0.251747
100	1042091195													0.207407	-2.400464	0.079543	-0.161850	-0.642078	0.749360	-0.206546	0.764594	0.610520	-0.964958	-0.055965	-0.256368
101	1042107862													0.117879	-2.812796	-0.109271	-0.175091	-0.637467	0.750319	-0.192746	0.769539	0.608818	-0.965501	-0.038022	-0.257608
102	1042124529													-0.266864	-1.932280	-0.369986	-0.188081	-0.628296	0.754897	-0.175833	0.777737	0.603497	-0.966286	-0.019230	-0.256753
103	1042141196													-0.572290	-0.907526	-0.709600	-0.200732	-0.618277	0.759895	-0.157699	0.785960	0.597828	-0.966870	0.000169	-0.255269
104	1042157863													-0.287402	-0.569043	-0.635843	-0.215093	-0.608293	0.764012	-0.139222	0.793432	0.592522	-0.966619	0.021080	-0.255350
105	1042174530													0.609290	-0.929419	-0.243649	-0.230239	-0.596327	0.769015	-0.120728	0.801644	0.585484	-0.965616	0.041960	-0.256564
106	1042191197													1.058141	-1.163503	-0.020065	-0.245051	-0.581072	0.776083	-0.101200	0.811448	0.575596	-0.964214	0.062511	-0.257651
107	1042207864													1.327370	-0.913572	-0.021441	-0.259257	-0.561460	0.785843	-0.080104	0.823360	0.561837	-0.962481	0.082711	-0.258437
108	1042224531													0.959471	-0.492372	-0.235501	-0.272345	-0.536789	0.798552	-0.056715	0.837436	0.543584	-0.960527	0.102752	-0.258516
109	1042241198													0.495998	-0.305660	-0.060684	-0.284299	-0.507831	0.813192	-0.031365	0.852665	0.521516	-0.958222	0.122761	-0.258340
110	1042257865													0.084431	0.291944	-0.485543	-0.293060	-0.478062	0.827993	-0.004839	0.866747	0.498725	-0.956082	0.142150	-0.256322
111	1042274532													0.157684	1.095913	-0.557926	-0.300518	-0.450511	0.840672	0.021617	0.877970	0.478226	-0.953531	0.161889	-0.254107
112	1042291199													0.182451	2.366816	-0.402623	-0.305944	-0.425667	0.851590	0.047556	0.886532	0.460218	-0.950861	0.181299	-0.250987
113	1042307866													0.326773	2.983320	-0.392783	-0.309079	-0.402440	0.861691	0.072398	0.893470	0.443250	-0.948277	0.199384	-0.247017
114	1042324533													-0.367858	3.491265	-0.367807	-0.310945	-0.378984	0.871599	0.095737	0.899905	0.425447	-0.945594	0.215735	-0.243538
115	1042341200													-1.432612	3.582610	-0.152731	-0.313078	-0.359492	0.879061	0.115962	0.904197	0.411072	-0.942621	0.230635	-0.241397
116	1042357867													-1.071718	3.367004	-0.066500	-0.316834	-0.343732	0.884005	0.133243	0.906649	0.400292	-0.939076	0.244613	-0.241457
117	1042374534													-0.820871	2.577482	0.638850	-0.320825	-0.327032	0.888888	0.149033	0.909377	0.388360	-0.935340	0.257069	-0.243012
118	1042391201													-1.007616	1.969106	0.480737	-0.322453	-0.309112	0.894692	0.163305	0.912840	0.374238	-0.932392	0.266782	-0.243868
119	1042407868													-1.193966	2.715688	-0.513623	-0.323809	-0.293139	0.899565	0.175525	0.915673	0.361570	-0.929698	0.274976	-0.245050
120	1042424535													-1.193415	3.216969	-0.643221	-0.325841	-0.280207	0.902946	0.185516	0.917552	0.351685	-0.927044	0.282104	-0.246994
121	1042441202													-1.130828	2.761264	-0.165623	-0.327401	-0.269726	0.905570	0.193290	0.919005	0.343610	-0.924904	0.287536	-0.248748
122	1042457869													-0.655955	2.265609	0.528335	-0.327936	-0.260363	0.908113	0.199835	0.920400	0.336050	-0.923322	0.291676	-0.249803
123	1042474536													-0.134427	2.226345	1.058447	-0.326638	-0.250064	0.911469	0.206968	0.922035	0.327133	-0.922210	0.295500	-0.249416
124	1042491203													0.137648	3.509972	2.121772	-0.324841	-0.235746	0.915916	0.215834	0.924402	0.314478	-0.920812	0.299841	-0.249402
125	1042507870													0.211209	5.173478	3.460746	-0.320216	-0.222783	0.920777	0.223683	0.926693	0.302004	-0.920558	0.302669	-0.246910
126	1042524537													1.163772	5.940815	2.389895	-0.313538	-0.218433	0.924111	0.225364	0.928261	0.295877	-0.922445	0.301030	-0.241818
127	1042541204													1.252755	6.659226	2.096174	-0.304638	-0.215487	0.927772	0.223296	0.930767	0.289503	-0.925924	0.295361	-0.235430
128	1042557871													1.567004	7.266521	2.945373	-0.294105	-0.216556	0.930917	0.216195	0.933675	0.285500	-0.931000	0.285227	-0.227780
129	1042574538													0.863328	6.890498	2.523725	-0.281273	-0.231758	0.931222	0.200080	0.934909	0.293110	-0.938538	0.268762	-0.216594
130	1042591205													1.801704	6.227149	0.918453	-0.267894	-0.262872	0.926893	0.174336	0.932950	0.314977	-0.947544	0.245972	-0.204104
131	1042607872													3.634445	5.710774	0.054075	-0.245782	-0.302874	0.920792	0.142282	0.928370	0.343345	-0.958826	0.215400	-0.185083
132	1042624539													3.391969	4.212197	-1.189353	-0.215050	-0.334116	0.917671	0.109824	0.925422	0.362674	-0.970408	0.178775	-0.162318
133	1042641206													1.480036	1.246876	-0.018088	-0.184057	-0.356629	0.915936	0.078330	0.923571	0.375342	-0.979790	0.140830	-0.142055
134	1042657873													-0.153229	-1.632142	2.605828	-0.159915	-0.373755	0.913638	0.046860	0.921631	0.385227	-0.986018	0.104417	-0.129868
135	1042674540													-0.016087	-3.819555	5.447299	-0.139363	-0.386753	0.911592	0.016544	0.919538	0.392653	-0.990103	0.069803	-0.121751
136	1042691207													1.184304	-5.563170	5.929536	-0.119381	-0.398276	0.909464	-0.010792	0.916481	0.399933	-0.992790	0.037930	-0.113709
137	1042707874													1.411979	-5.176976	3.782061	-0.097293	-0.403531	0.909779	-0.036445	0.914947	0.401926	-0.994588	0.005948	-0.103725
138	1042724541													-0.349747	-2.515421	1.441790	-0.071000	-0.403300	0.912309	-0.065542	0.914527	0.399180	-0.995321	-0.031453	-0.091364
139	1042741208													-1.978796	-0.104457	0.373027	-0.046836	-0.407847	0.911848	-0.097915	0.910328	0.402138	-0.994092	-0.070449	-0.082571
140	1042757875													-2.559087	0.580535	0.987255	-0.026407	-0.421914	0.906251	-0.130988	0.900211	0.415285	-0.991032	-0.107742	-0.079037
141	1042774542													-1.788931	-1.333286	1.467349	-0.007270	-0.439922	0.898007	-0.164872	0.886268	0.432836	-0.986288	-0.144910	-0.078974
142	1042791209													-1.346678	-3.632194	0.949098	0.014159	-0.455931	0.889902	-0.197184	0.871241	0.449507	-0.980264	-0.181839	-0.077567
143	1042807876													-1.945061	-5.104764	-0.044985	0.036517	-0.469499	0.882178	-0.226135	0.855986	0.464920	-0.973411	-0.216468	-0.074912
144	1042824543													-2.423188	-4.361813	-1.638378	0.057527	-0.483276	0.873576	-0.250998	0.839918	0.481184	-0.966277	-0.246947	-0.072983
145	1042841210													-1.490978	-4.439231	-3.548210	0.074128	-0.494572	0.865969	-0.271414	0.825574	0.494735	-0.959604	-0.271710	-0.073036
146	1042857877													-1.494838	-3.665509	-4.269155	0.088941	-0.507707	0.856927	-0.288287	0.810390	0.510057	-0.953404	-0.292406	-0.074289
147	1042874544													-1.490723	-3.095838	-4.638839	0.103816	-0.525614	0.844365	-0.300086	0.792836	0.530434	-0.948246	-0.308449	-0.075420
148	1042891211													-0.657053	-3.434569	-5.373585	0.119068	-0.545499	0.829610	-0.307039	0.774370	0.553244	-0.944219	-0.320597	-0.075287
149	1042907878													-0.078287	-3.507234	-6.104598	0.131751	-0.563475	0.815559	-0.310399	0.757906	0.573786	-0.941432	-0.328746	-0.075047
150	1042924545													0.510985	-3.433283	-6.785917	0.140813	-0.580175	0.802227	-0.310403	0.743573	0.592240	-0.940118	-0.332409	-0.075383
151	1042941212													0.827996	-3.112745	-6.925251	0.145797	-0.596922	0.788941	-0.306624	0.730928	0.609693	-0.940598	-0.330800	-0.076464
152	1042957879													0.980961	-2.359354	-6.510590	0.148715	-0.616247	0.773385	-0.299407	0.717313	0.629141	-0.942464	-0.325119	-0.077833
153	1042974546													0.431739	-1.286843	-5.321878	0.149802	-0.636581	0.756521	-0.290000	0.703212	0.649148	-0.945230	-0.316635	-0.079266
154	1042991213													-0.732781	-0.765423	-3.640940	0.145207	-0.655389	0.741202	-0.279772	0.691369	0.666135	-0.949022	-0.304095	-0.082967
155	1043007880													-1.467434	0.601734	0.269782	0.135708	-0.677876	0.722542	-0.269270	0.676601	0.685350	-0.953455	-0.287566	-0.090711
156	1043024547													0.778647	3.488835	6.412828	0.126190	-0.702325	0.700583	-0.260540	0.657971	0.706536	-0.957181	-0.271687	-0.099954
157	1043041214													5.617344	8.152778	10.606106	0.113465	-0.708220	0.696814	-0.259346	0.655915	0.708883	-0.959096	-0.261149	-0.109251
158	1043057881													5.260681	8.208009	10.420610	0.110563	-0.706881	0.698638	-0.264222	0.656746	0.706308	-0.958104	-0.262687	-0.114162
159	1043074548													2.922287	5.220681	5.485934	0.122836	-0.718384	0.684716	-0.268188	0.640243	0.719836	-0.955503	-0.272054	-0.114017
160	1043091215													1.507401	3.061039	1.664421	0.135612	-0.735209	0.664136	-0.269096	0.617797	0.738860	-0.953518	-0.278915	-0.114061
161	1043107882													1.050925	1.209080	-1.573198	0.142606	-0.749215	0.646793	-0.268382	0.599720	0.753861	-0.952699	-0.281092	-0.115552
162	1043124549													0.932298	-3.195293	1.404903	0.133849	-0.758398	0.637900	-0.267153	0.592248	0.760179	-0.954313	-0.272165	-0.123337
163	1043141216													4.107428	-4.889292	5.695648	0.125948	-0.757779	0.640240	-0.263855	0.596545	0.757968	-0.956304	-0.264395	-0.124810
164	1043157883													4.652057	-3.815990	3.989307	0.123844	-0.743690	0.656954	-0.259976	0.614608	0.744761	-0.957640	-0.263026	-0.117227
165	1043174550													2.111636	-2.375169	2.469218	0.122568	-0.732053	0.670131	-0.259238	0.628165	0.733624	-0.958005	-0.263642	-0.112783
166	1043191217													2.873862	-4.252859	-1.543228	0.115937	-0.723307	0.680724	-0.260501	0.639212	0.723565	-0.958487	-0.261217	-0.114314
167	1043207884													-1.345652	-9.118177	-7.804682	0.101767	-0.694913	0.711856	-0.265847	0.670549	0.692596	-0.958629	-0.259728	-0.116501
168	1043224551													-0.447373	-8.182280	-8.250406	0.072127	-0.665266	0.743114	-0.269478	0.704347	0.656717	-0.960302	-0.247620	-0.128472
169	1043241218													-1.640547	-6.257959	-5.522999	0.034424	-0.622963	0.781493	-0.269697	0.747156	0.607471	-0.962330	-0.231678	-0.142291
170	1043257885													-2.853931	-4.941327	-1.554128	-0.006485	-0.581306	0.813659	-0.264034	0.785796	0.559295	-0.964492	-0.211207	-0.158581
171	1043274552													-3.671638	-2.762784	2.639632	-0.041765	-0.540687	0.840187	-0.253114	0.819214	0.514608	-0.966534	-0.191171	-0.171070
172	1043291219													-5.185738	-0.614708	3.651705	-0.070112	-0.508054	0.858467	-0.240030	0.843892	0.479825	-0.968230	-0.172416	-0.181115
173	1043307886													-4.332195	0.409220	2.118075	-0.092034	-0.491387	0.866065	-0.226660	0.857262	0.462306	-0.969616	-0.153755	-0.190275
174	1043324553													-3.012166	0.575895	0.232160	-0.109426	-0.489524	0.865097	-0.213612	0.861569	0.460509	-0.970771	-0.134403	-0.198846
175	1043341220													-1.002822	-0.612041	-0.604290	-0.123687	-0.497894	0.858372	-0.201050	0.859648	0.469664	-0.971741	-0.114484	-0.206429
176	1043357887													-0.391433	-2.049380	-0.423347	-0.137190	-0.503078	0.853283	-0.186944	0.859097	0.476449	-0.972744	-0.094152	-0.211906
177	1043374554													-1.038451	-2.324804	-0.140885	-0.150806	-0.502068	0.851578	-0.170729	0.861713	0.477809	-0.973709	-0.073332	-0.215669
178	1043391221													-0.923924	-1.976873	-0.272007	-0.164467	-0.496593	0.852259	-0.152904	0.866416	0.475335	-0.974459	-0.052137	-0.218428
179	1043407888													-1.104180	-0.966381	-0.513863	-0.178673	-0.488447	0.854105	-0.134154	0.872061	0.470651	-0.974720	-0.030489	-0.221341
180	1043424555													-0.576216	-0.611418	-0.385860	-0.193125	-0.481786	0.854743	-0.116012	0.876244	0.467694	-0.974292	-0.008837	-0.225118
181	1043441222													0.081904	-0.268293	-0.033676	-0.207150	-0.472338	0.856730	-0.097561	0.881333	0.462313	-0.973432	0.012185	-0.228650
182	1043457889													0.106933	-0.117949	0.249479	-0.220481	-0.459997	0.860111	-0.078903	0.887332	0.454330	-0.972195	0.032305	-0.231935
183	1043474556													0.264306	-0.095260	0.256523	-0.233344	-0.443354	0.865441	-0.059591	0.894857	0.442357	-0.970567	0.051649	-0.235230
184	1043491223													0.305242	-0.190120	0.056260	-0.246186	-0.420265	0.873367	-0.038787	0.904651	0.424385	-0.968446	0.070602	-0.239013
185	1043507890													-0.255998	0.073559	-0.159679	-0.257926	-0.391405	0.883333	-0.016106	0.915882	0.401125	-0.966031	0.089234	-0.242533
186	1043524557													-0.198498	0.630092	-0.527466	-0.267170	-0.359644	0.894023	0.008560	0.926825	0.375397	-0.963611	0.107948	-0.244541
187	1043541224													0.650769	1.320250	-0.642456	-0.273520	-0.329222	0.903770	0.033831	0.935726	0.351101	-0.961271	0.126609	-0.244802
188	1043557891													1.302201	1.658800	-0.225964	-0.276864	-0.299292	0.913110	0.059284	0.943126	0.327106	-0.959079	0.144696	-0.243375
189	1043574558													-0.180614	1.612054	0.119593	-0.279228	-0.271023	0.921183	0.083240	0.948897	0.304409	-0.956610	0.161679	-0.242399
190	1043591225													-1.051508	2.058017	0.205437	-0.283943	-0.251202	0.925351	0.103096	0.951479	0.289930	-0.953283	0.177723	-0.244268
191	1043607892													0.192449	2.367027	-0.129816	-0.289032	-0.238163	0.927221	0.119903	0.951926	0.281885	-0.949781	0.192651	-0.246581
192	1043624559													0.795663	2.404648	-0.299041	-0.293338	-0.223911	0.929418	0.136401	0.952436	0.272507	-0.946228	0.206710	-0.248844
193	1043641226													0.694261	2.387790	-0.315529	-0.296664	-0.206328	0.932426	0.153525	0.953377	0.259810	-0.942561	0.220227	-0.251156
194	1043657893													0.503570	2.870826	-0.157060	-0.298556	-0.186992	0.935895	0.170561	0.954378	0.245095	-0.939028	0.232802	-0.253041
195	1043674560													-0.128442	3.463921	0.123009	-0.298946	-0.168154	0.939338	0.185827	0.955250	0.230143	-0.936002	0.243354	-0.254321
196	1043691227													-0.573695	3.830684	0.304059	-0.299314	-0.153078	0.941795	0.197506	0.955729	0.218112	-0.933490	0.251294	-0.255829
197	1043707894													-0.503858	3.756107	0.475070	-0.299744	-0.142834	0.943267	0.205546	0.955839	0.210054	-0.931614	0.256847	-0.257148
198	1043724561													-0.280005	3.403471	0.693315	-0.298464	-0.135583	0.944741	0.211424	0.955874	0.203974	-0.930709	0.260620	-0.256629
199	1043741228													-0.469621	3.296235	1.005930	-0.294874	-0.128603	0.946843	0.216823	0.956049	0.197378	-0.930611	0.263499	-0.254030
200	1043757895													-0.385900	4.548160	2.656579	-0.291977	-0.121078	0.948730	0.221907	0.956310	0.190338	-0.930326	0.266105	-0.252353
201	1043774562													-0.593312	5.480619	3.622914	-0.285673	-0.114345	0.951481	0.226092	0.956788	0.182865	-0.931275	0.267362	-0.247476
202	1043791229													0.270563	5.986641	2.286375	-0.276796	-0.114372	0.954098	0.225470	0.957443	0.180184	-0.934102	0.264995	-0.239229
203	1043807896													0.988554	7.019820	2.123118	-0.265818	-0.115093	0.957128	0.220757	0.959198	0.176652	-0.938407	0.258250	-0.229565
204	1043824563													1.003393	7.738850	2.442105	-0.253774	-0.121129	0.959649	0.210106	0.961536	0.176928	-0.944169	0.246528	-0.218562
205	1043841230													1.637587	7.186987	1.747138	-0.241640	-0.146459	0.959250	0.189629	0.962357	0.194702	-0.951657	0.228950	-0.204771
206	1043857897													3.766552	6.628182	0.884219	-0.223800	-0.190539	0.955829	0.160577	0.960094	0.228987	-0.961316	0.204731	-0.184273
207	1043874564													3.701333	5.128099	-0.144927	-0.195388	-0.234600	0.952253	0.128371	0.956496	0.261985	-0.972288	0.173430	-0.156772
208	1043891231													1.533006	2.497681	0.035710	-0.163281	-0.267733	0.949557	0.096573	0.953514	0.285455	-0.981842	0.138311	-0.129835
209	1043907898													-0.841870	0.454076	2.044604	-0.136797	-0.291555	0.946722	0.065417	0.950961	0.302313	-0.988437	0.103287	-0.111016
210	1043924565													-1.849336	-1.846494	5.263358	-0.116438	-0.310681	0.943355	0.034453	0.947981	0.316457	-0.992600	0.069349	-0.099677
211	1043941232													-0.944262	-4.454359	6.258499	-0.097890	-0.326882	0.939982	0.006008	0.944307	0.329012	-0.995179	0.037854	-0.090474
212	1043957899													-0.179231	-5.940885	3.888401	-0.078504	-0.337677	0.937983	-0.019712	0.941228	0.337195	-0.996719	0.007982	-0.080547
213	1043974566													-0.794434	-4.420752	1.400738	-0.055965	-0.341037	0.938383	-0.046805	0.939718	0.338731	-0.997335	-0.024964	-0.068553
214	1043991233													-2.402776	-1.113175	0.209010	-0.032548	-0.346568	0.937460	-0.076341	0.936079	0.343407	-0.996550	-0.060390	-0.056925
215	1044007900													-3.084326	0.386126	0.276439	-0.012078	-0.362106	0.932058	-0.106609	0.927280	0.358868	-0.994228	-0.095032	-0.049803
216	1044024567													-2.864284	-0.177993	0.685473	0.006347	-0.383503	0.923518	-0.137811	0.914389	0.380659	-0.990438	-0.129687	-0.047047
217	1044041234													-2.510108	-1.808406	0.373652	0.025828	-0.408116	0.912564	-0.169406	0.897879	0.406343	-0.985208	-0.165089	-0.045947
218	1044057901													-2.038104	-4.376426	-0.182663	0.046674	-0.434201	0.899606	-0.198543	0.878587	0.434357	-0.978980	-0.198883	-0.045200
219	1044074568													-2.504751	-4.480528	-1.697203	0.068263	-0.457611	0.886529	-0.222339	0.859276	0.460663	-0.972577	-0.228556	-0.043088
220	1044091235													-2.084063	-4.333508	-3.023052	0.087043	-0.482395	0.871618	-0.241944	0.838507	0.488231	-0.966378	-0.253379	-0.043726
221	1044107902													-1.661017	-4.045586	-4.075842	0.104754	-0.506970	0.855575	-0.257309	0.817197	0.515734	-0.960635	-0.274172	-0.044844
222	1044124569													-1.353823	-3.639368	-4.538287	0.121293	-0.533200	0.837249	-0.268625	0.794370	0.544809	-0.955578	-0.290987	-0.046879
223	1044141236													-1.379700	-3.274733	-4.580378	0.135912	-0.558677	0.818173	-0.276184	0.771733	0.572844	-0.951446	-0.303823	-0.049410
224	1044157903													-1.081009	-3.309565	-4.683849	0.148176	-0.583800	0.798262	-0.280166	0.749325	0.600016	-0.948446	-0.312554	-0.052529
225	1044174570													-0.461479	-3.578124	-4.905071	0.156936	-0.608202	0.778114	-0.281261	0.727727	0.625545	-0.946712	-0.317024	-0.056857
226	1044191237													0.418012	-4.201464	-5.129102	0.161949	-0.632389	0.757533	-0.280163	0.706612	0.649775	-0.946193	-0.317463	-0.062737
227	1044207904													0.827051	-4.110917	-5.143676	0.161876	-0.654992	0.738094	-0.277295	0.687629	0.671024	-0.947050	-0.313292	-0.070315
228	1044224571													1.249803	-4.073877	-4.959519	0.157439	-0.676907	0.719034	-0.273391	0.669780	0.690400	-0.948931	-0.305274	-0.079611
229	1044241238													1.337308	-3.475455	-4.480380	0.149996	-0.696128	0.702073	-0.268910	0.654611	0.706520	-0.951414	-0.294770	-0.089007
230	1044257905													0.774172	-2.396307	-3.421206	0.139723	-0.711167	0.688999	-0.264653	0.643689	0.718069	-0.954168	-0.282676	-0.098275
231	1044274572													0.306693	-1.392923	-1.318884	0.124733	-0.723388	0.679081	-0.260201	0.636623	0.725953	-0.957464	-0.267248	-0.108818
232	1044291239													0.418483	0.625379	2.177332	0.111199	-0.735691	0.668126	-0.255596	0.628509	0.734607	-0.960367	-0.252458	-0.118150
233	1044307906													2.095904	3.971878	6.148237	0.102863	-0.748038	0.655636	-0.252323	0.617950	0.744628	-0.962160	-0.242026	-0.125183
234	1044324573													4.000757	8.700560	8.866167	0.098890	-0.753301	0.650198	-0.254553	0.612511	0.748353	-0.961989	-0.239515	-0.131184
235	1044341240													3.068776	9.511657	8.326666	0.098988	-0.755614	0.647494	-0.263410	0.607582	0.749306	-0.959592	-0.244728	-0.138893
236	1044357907													1.490926	5.414281	4.592577	0.105760	-0.764558	0.635819	-0.271959	0.592787	0.758051	-0.956479	-0.253088	-0.145235
237	1044374574													1.184658	1.885182	0.798603	0.113023	-0.773951	0.623078	-0.277086	0.577667	0.767805	-0.954174	-0.259426	-0.149162
238	1044391241													0.749930	0.069128	-1.808320	0.113337	-0.779157	0.616497	-0.279765	0.570362	0.772282	-0.953355	-0.260003	-0.153338
239	1044407908													0.988453	-3.111615	-1.804989	0.102702	-0.782488	0.614138	-0.279950	0.569709	0.772696	-0.954505	-0.251286	-0.160547
240	1044424575													3.478361	-8.694143	4.151607	0.081241	-0.776724	0.624580	-0.274392	0.585006	0.763202	-0.958180	-0.233383	-0.165601
241	1044441242													6.407897	-5.402261	4.563871	0.075239	-0.757759	0.648183	-0.267867	0.610774	0.745119	-0.960514	-0.229689	-0.157024
242	1044457909													3.642949	1.904759	3.132239	0.082809	-0.741928	0.665347	-0.261895	0.627971	0.732846	-0.961537	-0.234937	-0.142305
243	1044474576													-1.476986	2.524840	2.495480	0.077975	-0.732123	0.676695	-0.263168	0.639571	0.722283	-0.961594	-0.234404	-0.142800
244	1044491243													-2.268452	-5.159383	-1.805979	0.066630	-0.712447	0.698555	-0.269809	0.661164	0.700047	-0.960606	-0.235121	-0.148172
245	1044507910													-2.253146	-8.657101	-6.432809	0.046536	-0.692344	0.720066	-0.274324	0.684274	0.675659	-0.960511	-0.228974	-0.158083
246	1044524577													0.878194	-7.658915	-5.790705	0.018596	-0.674080	0.738425	-0.274554	0.706718	0.652050	-0.961392	-0.214863	-0.171929
247	1044541244													-0.183475	-7.024153	-3.824425	-0.014830	-0.639857	0.768351	-0.270537	0.742342	0.612975	-0.962595	-0.198777	-0.184114
248	1044557911													-0.963051	-4.072765	-0.896044	-0.048056	-0.599182	0.799169	-0.260662	0.779893	0.569054	-0.964233	-0.180966	-0.193662
249	1044574578													-2.282815	-0.637364	1.125616	-0.072913	-0.557472	0.826988	-0.246863	0.813480	0.526601	-0.966303	-0.165757	-0.196932
250	1044591245													-4.087368	1.141720	2.127077	-0.092289	-0.532239	0.841549	-0.233481	0.833160	0.501329	-0.967972	-0.150219	-0.201159
251	1044607912													-3.304292	1.570300	1.912189	-0.107408	-0.525925	0.843721	-0.221631	0.839942	0.495355	-0.969197	-0.133789	-0.206778
252	1044624579													-1.676286	0.714631	0.634176	-0.118744	-0.531071	0.838966	-0.211344	0.839100	0.501243	-0.970172	-0.117791	-0.211876
253	1044641246													-0.516957	-1.432019	-0.204000	-0.130021	-0.536496	0.833826	-0.201602	0.837703	0.507554	-0.970799	-0.102108	-0.217077
254	1044657913													-0.926976	-2.280052	-0.009192	-0.141097	-0.537079	0.831648	-0.190961	0.839041	0.509455	-0.971404	-0.086929	-0.220947
255	1044674580													-1.305757	-2.079979	-0.196703	-0.152267	-0.533295	0.832112	-0.178258	0.842941	0.507616	-0.972131	-0.071038	-0.223416
256	1044691247													-1.415890	-1.323539	-0.567808	-0.164200	-0.527211	0.833719	-0.163691	0.848035	0.504026	-0.972751	-0.053712	-0.225547
257	1044707914													-1.388328	-0.484820	-0.599881	-0.177426	-0.521060	0.834875	-0.148128	0.852809	0.500774	-0.972922	-0.034818	-0.228495
258	1044724581													-0.587960	-0.437225	-0.077956	-0.190739	-0.513817	0.836427	-0.132152	0.857755	0.496783	-0.972705	-0.015780	-0.231509
259	1044741248													0.101197	-0.678927	-0.014009	-0.203007	-0.503388	0.839874	-0.115651	0.864057	0.489928	-0.972324	0.002326	-0.233627
260	1044757915													0.667794	-0.368397	0.014576	-0.214242	-0.490284	0.844821	-0.098486	0.871338	0.480697	-0.971803	0.019782	-0.234963
261	1044774582													1.243345	-0.023977	-0.129930	-0.224286	-0.474121	0.851414	-0.080317	0.879693	0.468711	-0.971208	0.036742	-0.235383
262	1044791249													1.012618	0.325408	-0.126779	-0.232664	-0.454729	0.859703	-0.061331	0.889062	0.453659	-0.970621	0.052824	-0.234742
263	1044807916													0.276448	0.211043	-0.049523	-0.240858	-0.431844	0.869194	-0.041860	0.899348	0.435226	-0.969657	0.068443	-0.234692
264	1044824583													-0.063018	-0.500534	-0.101448	-0.249527	-0.405929	0.879180	-0.021883	0.910031	0.413963	-0.968121	0.084055	-0.235960
265	1044841250													-0.256974	-0.378758	-0.098705	-0.257718	-0.380924	0.887963	-0.001726	0.919187	0.393817	-0.966219	0.099961	-0.237548
266	1044857917													0.242658	-0.266690	-0.079638	-0.264209	-0.358601	0.895320	0.018984	0.926194	0.376569	-0.964279	0.116490	-0.237901
267	1044874584													0.197838	0.274271	-0.128676	-0.269056	-0.336797	0.902317	0.041007	0.932009	0.360108	-0.962251	0.133890	-0.236952
268	1044891251													-0.624251	1.106093	-0.121818	-0.273494	-0.315739	0.908576	0.063736	0.936565	0.344651	-0.959760	0.152169	-0.236021
269	1044907918													-0.651635	1.943759	-0.168971	-0.277705	-0.296015	0.913923	0.085897	0.939881	0.330523	-0.956819	0.170290	-0.235583
270	1044924585													-0.227968	3.133031	-0.276277	-0.281292	-0.277859	0.918515	0.106723	0.942167	0.317698	-0.953669	0.187392	-0.235370
271	1044941252													-0.016498	3.961276	-0.513049	-0.285006	-0.262548	0.921868	0.125401	0.943277	0.307415	-0.950287	0.203218	-0.235916
272	1044957919													-0.369763	4.159798	-0.362611	-0.288449	-0.251399	0.923902	0.140132	0.943442	0.300466	-0.947185	0.216137	-0.236906
273	1044974586													-0.875113	3.781271	-0.203446	-0.291761	-0.245561	0.924432	0.149931	0.942794	0.297758	-0.944667	0.225476	-0.238254
274	1044991253													-1.115873	2.883800	0.002495	-0.293765	-0.240961	0.925008	0.156868	0.942433	0.295319	-0.942918	0.231858	-0.239055
275	1045007920													-1.210684	2.226781	0.165387	-0.293921	-0.236101	0.926211	0.162319	0.942609	0.291791	-0.941946	0.236105	-0.238729
276	1045024587													-1.217229	2.617048	0.503411	-0.292827	-0.229871	0.928123	0.167488	0.943333	0.286481	-0.941382	0.239339	-0.237733
277	1045041254													-1.128768	3.910439	2.498850	-0.292364	-0.223247	0.929884	0.172079	0.944217	0.280791	-0.940698	0.242106	-0.237639
278	1045057921													-0.886438	4.473787	3.427716	-0.289148	-0.217949	0.932144	0.174717	0.945367	0.275237	-0.941205	0.242446	-0.235272
279	1045074588													0.109453	5.126354	2.494439	-0.283995	-0.220797	0.933057	0.171930	0.945626	0.276102	-0.943285	0.238832	-0.230591
280	1045091255													0.922531	5.676683	1.531980	-0.276309	-0.224963	0.934369	0.165207	0.946628	0.276769	-0.946763	0.230838	-0.224397
